Date,Open,High,Low,Close,Adj Close,Volume
2012-09-13,178.000000,178.000000,150.000000,178.000000,178.000000,208446000
2012-09-14,240.000000,240.000000,200.000000,240.000000,240.000000,261797500
2012-09-17,295.000000,295.000000,250.000000,295.000000,295.000000,217452000
2012-09-18,275.000000,335.000000,270.000000,275.000000,275.000000,204597000
2012-09-19,280.000000,295.000000,270.000000,280.000000,280.000000,86788500
2012-09-20,270.000000,280.000000,270.000000,270.000000,270.000000,27697500
2012-09-21,270.000000,275.000000,265.000000,270.000000,270.000000,17655000
2012-09-24,270.000000,270.000000,260.000000,270.000000,270.000000,16350500
2012-09-25,265.000000,270.000000,260.000000,265.000000,265.000000,7361500
2012-09-26,270.000000,285.000000,260.000000,270.000000,270.000000,61667000
2012-09-27,280.000000,280.000000,270.000000,280.000000,280.000000,24561000
2012-09-28,275.000000,285.000000,270.000000,275.000000,275.000000,23825000
2012-10-01,260.000000,275.000000,260.000000,260.000000,260.000000,34748000
2012-10-02,260.000000,265.000000,255.000000,260.000000,260.000000,13854500
2012-10-03,270.000000,270.000000,255.000000,270.000000,270.000000,24723500
2012-10-04,265.000000,270.000000,260.000000,265.000000,265.000000,15983500
2012-10-05,280.000000,290.000000,260.000000,280.000000,280.000000,63025500
2012-10-08,255.000000,285.000000,255.000000,255.000000,255.000000,58225000
2012-10-09,250.000000,265.000000,245.000000,250.000000,250.000000,31070000
2012-10-10,245.000000,250.000000,240.000000,245.000000,245.000000,21141000
2012-10-11,240.000000,260.000000,240.000000,240.000000,240.000000,32339000
2012-10-12,240.000000,255.000000,240.000000,240.000000,240.000000,21706000
2012-10-15,240.000000,255.000000,240.000000,240.000000,240.000000,20662500
2012-10-16,245.000000,250.000000,240.000000,245.000000,245.000000,14022500
2012-10-17,250.000000,255.000000,245.000000,250.000000,250.000000,19407500
2012-10-18,250.000000,250.000000,245.000000,250.000000,250.000000,9973000
2012-10-19,250.000000,250.000000,245.000000,250.000000,250.000000,10629000
2012-10-22,260.000000,265.000000,245.000000,260.000000,260.000000,22768500
2012-10-23,270.000000,275.000000,260.000000,270.000000,270.000000,35416000
2012-10-24,280.000000,280.000000,270.000000,280.000000,280.000000,39234000
2012-10-25,270.000000,280.000000,270.000000,270.000000,270.000000,11938500
2012-10-29,270.000000,275.000000,265.000000,270.000000,270.000000,14182000
2012-10-30,265.000000,275.000000,260.000000,265.000000,265.000000,10040000
2012-10-31,265.000000,270.000000,260.000000,265.000000,265.000000,12168500
2012-11-01,260.000000,265.000000,260.000000,260.000000,260.000000,4944000
2012-11-02,265.000000,265.000000,260.000000,265.000000,265.000000,7627000
2012-11-05,260.000000,265.000000,260.000000,260.000000,260.000000,8520000
2012-11-06,265.000000,265.000000,260.000000,265.000000,265.000000,5645500
2012-11-07,260.000000,260.000000,255.000000,260.000000,260.000000,10316500
2012-11-08,255.000000,260.000000,255.000000,255.000000,255.000000,8370000
2012-11-09,255.000000,265.000000,255.000000,255.000000,255.000000,18363500
2012-11-12,255.000000,265.000000,255.000000,255.000000,255.000000,25060500
2012-11-13,260.000000,265.000000,255.000000,260.000000,260.000000,9102500
2012-11-14,255.000000,260.000000,255.000000,255.000000,255.000000,10168000
2012-11-19,255.000000,260.000000,250.000000,255.000000,255.000000,14199000
2012-11-20,260.000000,260.000000,255.000000,260.000000,260.000000,12391000
2012-11-21,260.000000,260.000000,255.000000,260.000000,260.000000,13396000
2012-11-22,260.000000,260.000000,255.000000,260.000000,260.000000,11278000
2012-11-23,255.000000,260.000000,255.000000,255.000000,255.000000,10111500
2012-11-26,260.000000,260.000000,255.000000,260.000000,260.000000,10136500
2012-11-27,255.000000,260.000000,255.000000,255.000000,255.000000,10800500
2012-11-28,255.000000,260.000000,250.000000,255.000000,255.000000,11582500
2012-11-29,255.000000,260.000000,250.000000,255.000000,255.000000,17686500
2012-11-30,265.000000,270.000000,250.000000,265.000000,265.000000,40519500
2012-12-03,265.000000,275.000000,260.000000,265.000000,265.000000,29070500
2012-12-04,255.000000,270.000000,255.000000,255.000000,255.000000,22698500
2012-12-05,255.000000,265.000000,255.000000,255.000000,255.000000,15452500
2012-12-06,260.000000,260.000000,255.000000,260.000000,260.000000,15388500
2012-12-07,255.000000,260.000000,250.000000,255.000000,255.000000,16774500
2012-12-10,250.000000,255.000000,250.000000,250.000000,250.000000,15930000
2012-12-11,255.000000,255.000000,250.000000,255.000000,255.000000,15890500
2012-12-12,255.000000,255.000000,250.000000,255.000000,255.000000,15367500
2012-12-13,250.000000,255.000000,250.000000,250.000000,250.000000,15219500
2012-12-14,245.000000,255.000000,245.000000,245.000000,245.000000,13554000
2012-12-17,250.000000,250.000000,245.000000,250.000000,250.000000,10819500
2012-12-18,245.000000,250.000000,245.000000,245.000000,245.000000,9668500
2012-12-19,250.000000,250.000000,245.000000,250.000000,250.000000,7293500
2012-12-20,245.000000,250.000000,240.000000,245.000000,245.000000,7428500
2012-12-21,245.000000,245.000000,240.000000,245.000000,245.000000,8899000
2012-12-26,245.000000,245.000000,240.000000,245.000000,245.000000,3
2012-12-27,245.000000,245.000000,240.000000,245.000000,245.000000,5970500
2012-12-28,245.000000,245.000000,235.000000,245.000000,245.000000,5783000
2013-01-02,240.000000,245.000000,240.000000,240.000000,240.000000,10873500
2013-01-03,245.000000,250.000000,240.000000,245.000000,245.000000,19708500
2013-01-04,240.000000,245.000000,240.000000,240.000000,240.000000,9459000
2013-01-07,245.000000,255.000000,240.000000,245.000000,245.000000,23818000
2013-01-08,245.000000,255.000000,245.000000,245.000000,245.000000,25035000
2013-01-09,245.000000,250.000000,240.000000,245.000000,245.000000,14667500
2013-01-10,245.000000,245.000000,240.000000,245.000000,245.000000,11311000
2013-01-11,245.000000,245.000000,240.000000,245.000000,245.000000,10878500
2013-01-14,240.000000,245.000000,240.000000,240.000000,240.000000,11323000
2013-01-15,245.000000,245.000000,240.000000,245.000000,245.000000,8982000
2013-01-16,240.000000,240.000000,235.000000,240.000000,240.000000,11522500
2013-01-17,240.000000,240.000000,235.000000,240.000000,240.000000,8518500
2013-01-18,245.000000,245.000000,240.000000,245.000000,245.000000,10809000
2013-01-21,235.000000,245.000000,235.000000,235.000000,235.000000,8081000
2013-01-22,235.000000,235.000000,235.000000,235.000000,235.000000,0
2013-01-23,240.000000,240.000000,235.000000,240.000000,240.000000,2741000
2013-01-25,235.000000,240.000000,235.000000,235.000000,235.000000,8963000
2013-01-28,230.000000,240.000000,230.000000,230.000000,230.000000,13719500
2013-01-29,235.000000,235.000000,225.000000,235.000000,235.000000,21723000
2013-01-30,235.000000,235.000000,230.000000,235.000000,235.000000,9330500
2013-01-31,235.000000,235.000000,230.000000,235.000000,235.000000,7885500
2013-02-01,235.000000,235.000000,230.000000,235.000000,235.000000,7189000
2013-02-04,235.000000,235.000000,230.000000,235.000000,235.000000,6477500
2013-02-05,235.000000,235.000000,225.000000,235.000000,235.000000,11315500
2013-02-06,235.000000,235.000000,230.000000,235.000000,235.000000,5582500
2013-02-07,235.000000,235.000000,230.000000,235.000000,235.000000,5417500
2013-02-08,235.000000,235.000000,230.000000,235.000000,235.000000,5665000
2013-02-11,235.000000,235.000000,230.000000,235.000000,235.000000,5661000
2013-02-12,235.000000,235.000000,230.000000,235.000000,235.000000,5430500
2013-02-13,235.000000,235.000000,230.000000,235.000000,235.000000,5903500
2013-02-14,230.000000,230.000000,225.000000,230.000000,230.000000,10369000
2013-02-15,230.000000,230.000000,225.000000,230.000000,230.000000,5132500
2013-02-18,235.000000,235.000000,230.000000,235.000000,235.000000,5879000
2013-02-19,235.000000,235.000000,230.000000,235.000000,235.000000,6921000
2013-02-20,235.000000,235.000000,230.000000,235.000000,235.000000,13544500
2013-02-21,235.000000,235.000000,230.000000,235.000000,235.000000,6220500
2013-02-22,235.000000,235.000000,230.000000,235.000000,235.000000,6538000
2013-02-25,235.000000,235.000000,230.000000,235.000000,235.000000,5567500
2013-02-26,230.000000,230.000000,225.000000,230.000000,230.000000,10656500
2013-02-27,230.000000,230.000000,225.000000,230.000000,230.000000,7988500
2013-02-28,230.000000,230.000000,225.000000,230.000000,230.000000,7673000
2013-03-01,230.000000,230.000000,225.000000,230.000000,230.000000,5490000
2013-03-04,230.000000,230.000000,225.000000,230.000000,230.000000,8702500
2013-03-05,230.000000,230.000000,225.000000,230.000000,230.000000,7289500
2013-03-06,230.000000,230.000000,225.000000,230.000000,230.000000,5821000
2013-03-07,245.000000,255.000000,225.000000,245.000000,245.000000,58321500
2013-03-08,235.000000,255.000000,235.000000,235.000000,235.000000,35354500
2013-03-11,235.000000,245.000000,230.000000,235.000000,235.000000,20548000
2013-03-13,240.000000,240.000000,230.000000,240.000000,240.000000,22054000
2013-03-14,235.000000,240.000000,230.000000,235.000000,235.000000,17852000
2013-03-15,235.000000,240.000000,230.000000,235.000000,235.000000,23826500
2013-03-18,230.000000,235.000000,230.000000,230.000000,230.000000,14839500
2013-03-19,225.000000,240.000000,225.000000,225.000000,225.000000,34531500
2013-03-20,225.000000,230.000000,225.000000,225.000000,225.000000,9321500
2013-03-21,230.000000,235.000000,225.000000,230.000000,230.000000,11579500
2013-03-22,225.000000,230.000000,225.000000,225.000000,225.000000,5221500
2013-03-25,230.000000,230.000000,225.000000,230.000000,230.000000,5482500
2013-03-26,225.000000,230.000000,225.000000,225.000000,225.000000,5589000
2013-03-27,230.000000,230.000000,225.000000,230.000000,230.000000,5400000
2013-03-28,230.000000,235.000000,225.000000,230.000000,230.000000,26332000
2013-04-01,225.000000,230.000000,225.000000,225.000000,225.000000,6781000
2013-04-02,235.000000,240.000000,225.000000,235.000000,235.000000,12341500
2013-04-03,235.000000,240.000000,230.000000,235.000000,235.000000,12341500
2013-04-04,230.000000,235.000000,225.000000,230.000000,230.000000,15062000
2013-04-05,230.000000,230.000000,225.000000,230.000000,230.000000,8425500
2013-04-08,230.000000,235.000000,225.000000,230.000000,230.000000,12508000
2013-04-09,230.000000,230.000000,225.000000,230.000000,230.000000,11762000
2013-04-10,225.000000,230.000000,225.000000,225.000000,225.000000,5645000
2013-04-11,225.000000,230.000000,225.000000,225.000000,225.000000,5906000
2013-04-12,225.000000,230.000000,225.000000,225.000000,225.000000,5474000
2013-04-15,225.000000,230.000000,225.000000,225.000000,225.000000,5732000
2013-04-16,225.000000,230.000000,225.000000,225.000000,225.000000,10375500
2013-04-17,235.000000,235.000000,225.000000,235.000000,235.000000,16781000
2013-04-18,230.000000,235.000000,230.000000,230.000000,230.000000,10392000
2013-04-19,230.000000,240.000000,230.000000,230.000000,230.000000,19538500
2013-04-22,235.000000,235.000000,230.000000,230.000000,230.000000,0
2013-04-23,230.000000,235.000000,225.000000,225.000000,225.000000,3
2013-04-24,230.000000,230.000000,225.000000,225.000000,225.000000,12917000
2013-04-25,225.000000,230.000000,225.000000,230.000000,230.000000,10184500
2013-04-26,230.000000,230.000000,225.000000,225.000000,225.000000,10560000
2013-04-29,230.000000,230.000000,225.000000,225.000000,225.000000,11004000
2013-04-30,225.000000,230.000000,225.000000,225.000000,225.000000,10833000
2013-05-01,225.000000,230.000000,225.000000,225.000000,225.000000,10512000
2013-05-02,225.000000,230.000000,225.000000,230.000000,230.000000,10239500
2013-05-03,230.000000,230.000000,225.000000,225.000000,225.000000,10892000
2013-05-06,225.000000,230.000000,225.000000,230.000000,230.000000,10442500
2013-05-07,230.000000,240.000000,225.000000,235.000000,235.000000,25520000
2013-05-08,240.000000,250.000000,240.000000,245.000000,245.000000,21174000
2013-05-10,250.000000,255.000000,245.000000,250.000000,250.000000,13262000
2013-05-13,250.000000,260.000000,250.000000,250.000000,250.000000,12119000
2013-05-14,255.000000,270.000000,255.000000,260.000000,260.000000,27610000
2013-05-15,260.000000,275.000000,260.000000,275.000000,275.000000,3
2013-05-16,275.000000,300.000000,275.000000,300.000000,300.000000,3
2013-05-17,300.000000,305.000000,295.000000,300.000000,300.000000,17258500
2013-05-20,300.000000,320.000000,300.000000,315.000000,315.000000,27423500
2013-05-21,315.000000,320.000000,305.000000,305.000000,305.000000,20075500
2013-05-22,310.000000,315.000000,305.000000,315.000000,315.000000,20895000
2013-05-23,315.000000,315.000000,300.000000,300.000000,300.000000,23769000
2013-05-24,305.000000,310.000000,300.000000,305.000000,305.000000,20306000
2013-05-27,305.000000,310.000000,300.000000,305.000000,305.000000,18158500
2013-05-28,305.000000,325.000000,300.000000,315.000000,315.000000,46401000
2013-05-29,320.000000,335.000000,315.000000,320.000000,320.000000,32348000
2013-05-30,320.000000,320.000000,305.000000,310.000000,310.000000,19807500
2013-05-31,305.000000,320.000000,305.000000,320.000000,320.000000,66885500
2013-06-03,320.000000,320.000000,305.000000,310.000000,310.000000,26554500
2013-06-04,310.000000,315.000000,300.000000,310.000000,310.000000,17458000
2013-06-05,310.000000,310.000000,300.000000,305.000000,305.000000,23397500
2013-06-07,305.000000,305.000000,295.000000,300.000000,300.000000,17217000
2013-06-10,300.000000,310.000000,295.000000,300.000000,300.000000,15276000
2013-06-11,295.000000,305.000000,290.000000,300.000000,300.000000,30810000
2013-06-12,295.000000,305.000000,290.000000,300.000000,300.000000,28024000
2013-06-13,295.000000,305.000000,290.000000,300.000000,300.000000,16058000
2013-06-14,300.000000,310.000000,300.000000,310.000000,310.000000,18093500
2013-06-17,310.000000,310.000000,300.000000,310.000000,310.000000,15954000
2013-06-18,310.000000,315.000000,305.000000,310.000000,310.000000,15908000
2013-06-19,310.000000,310.000000,300.000000,305.000000,305.000000,15472500
2013-06-20,300.000000,300.000000,290.000000,290.000000,290.000000,15619500
2013-06-21,285.000000,295.000000,275.000000,295.000000,295.000000,19461000
2013-06-24,295.000000,295.000000,285.000000,290.000000,290.000000,15269500
2013-06-25,290.000000,290.000000,280.000000,290.000000,290.000000,16081000
2013-06-26,290.000000,295.000000,285.000000,290.000000,290.000000,15382500
2013-06-27,290.000000,295.000000,285.000000,290.000000,290.000000,15662500
2013-06-28,290.000000,295.000000,285.000000,295.000000,295.000000,24017000
2013-07-01,290.000000,295.000000,285.000000,290.000000,290.000000,16767500
2013-07-02,290.000000,290.000000,280.000000,285.000000,285.000000,17557500
2013-07-03,280.000000,285.000000,275.000000,280.000000,280.000000,9492500
2013-07-04,280.000000,290.000000,280.000000,285.000000,285.000000,25639500
2013-07-05,290.000000,295.000000,280.000000,285.000000,285.000000,21917500
2013-07-08,285.000000,285.000000,275.000000,280.000000,280.000000,20021500
2013-07-09,280.000000,290.000000,275.000000,280.000000,280.000000,17857000
2013-07-10,280.000000,285.000000,275.000000,280.000000,280.000000,16983500
2013-07-11,280.000000,290.000000,275.000000,280.000000,280.000000,15076000
2013-07-12,280.000000,285.000000,280.000000,285.000000,285.000000,22587000
2013-07-15,285.000000,285.000000,275.000000,280.000000,280.000000,16101500
2013-07-16,280.000000,285.000000,275.000000,280.000000,280.000000,20617000
2013-07-17,275.000000,280.000000,275.000000,275.000000,275.000000,15853000
2013-07-18,275.000000,285.000000,275.000000,285.000000,285.000000,23527500
2013-07-19,285.000000,290.000000,280.000000,285.000000,285.000000,17969500
2013-07-22,285.000000,285.000000,275.000000,280.000000,280.000000,16351500
2013-07-23,280.000000,285.000000,280.000000,280.000000,280.000000,18841000
2013-07-24,280.000000,285.000000,275.000000,280.000000,280.000000,17357500
2013-07-25,280.000000,285.000000,275.000000,280.000000,280.000000,19182000
2013-07-26,280.000000,285.000000,275.000000,280.000000,280.000000,16919000
2013-07-29,280.000000,280.000000,275.000000,275.000000,275.000000,15453500
2013-07-30,275.000000,275.000000,270.000000,275.000000,275.000000,19425000
2013-07-31,275.000000,275.000000,270.000000,270.000000,270.000000,15794500
2013-08-01,275.000000,280.000000,270.000000,275.000000,275.000000,15379000
2013-08-02,275.000000,280.000000,270.000000,275.000000,275.000000,16451500
2013-08-12,275.000000,280.000000,270.000000,275.000000,275.000000,18251500
2013-08-13,280.000000,280.000000,275.000000,280.000000,280.000000,17593000
2013-08-14,280.000000,290.000000,275.000000,285.000000,285.000000,25891000
2013-08-15,280.000000,285.000000,275.000000,280.000000,280.000000,17418000
2013-08-16,275.000000,280.000000,270.000000,275.000000,275.000000,18468000
2013-08-19,275.000000,275.000000,265.000000,270.000000,270.000000,15586500
2013-08-20,265.000000,265.000000,260.000000,265.000000,265.000000,15345000
2013-08-21,265.000000,270.000000,260.000000,265.000000,265.000000,15688500
2013-08-22,260.000000,260.000000,255.000000,260.000000,260.000000,12222500
2013-08-23,260.000000,265.000000,255.000000,260.000000,260.000000,13834000
2013-08-26,270.000000,275.000000,260.000000,265.000000,265.000000,12638500
2013-08-27,265.000000,265.000000,255.000000,260.000000,260.000000,10578000
2013-08-28,255.000000,255.000000,250.000000,255.000000,255.000000,11942000
2013-08-29,255.000000,260.000000,250.000000,260.000000,260.000000,10762500
2013-08-30,260.000000,260.000000,255.000000,260.000000,260.000000,10393500
2013-09-02,260.000000,265.000000,255.000000,260.000000,260.000000,11872000
2013-09-03,260.000000,260.000000,255.000000,260.000000,260.000000,11729000
2013-09-04,260.000000,260.000000,255.000000,260.000000,260.000000,10604500
2013-09-05,260.000000,265.000000,255.000000,260.000000,260.000000,10918000
2013-09-06,260.000000,260.000000,255.000000,260.000000,260.000000,11408500
2013-09-09,260.000000,270.000000,255.000000,270.000000,270.000000,17294500
2013-09-10,265.000000,280.000000,265.000000,275.000000,275.000000,18277500
2013-09-11,270.000000,275.000000,265.000000,275.000000,275.000000,10666000
2013-09-12,275.000000,280.000000,270.000000,275.000000,275.000000,11333000
2013-09-13,275.000000,275.000000,265.000000,270.000000,270.000000,12344000
2013-09-16,270.000000,275.000000,265.000000,270.000000,270.000000,14575000
2013-09-17,270.000000,270.000000,265.000000,265.000000,265.000000,10671000
2013-09-18,270.000000,270.000000,260.000000,260.000000,260.000000,10795500
2013-09-19,265.000000,275.000000,265.000000,270.000000,270.000000,16421500
2013-09-20,270.000000,280.000000,270.000000,280.000000,280.000000,16361500
2013-09-23,280.000000,280.000000,270.000000,275.000000,275.000000,10452500
2013-09-24,275.000000,275.000000,265.000000,270.000000,270.000000,10438000
2013-09-25,270.000000,270.000000,265.000000,265.000000,265.000000,13089500
2013-09-26,265.000000,285.000000,265.000000,280.000000,280.000000,18967500
2013-09-27,280.000000,290.000000,275.000000,285.000000,285.000000,20534500
2013-09-30,280.000000,280.000000,270.000000,280.000000,280.000000,11481000
2013-10-01,275.000000,290.000000,275.000000,290.000000,290.000000,17910000
2013-10-02,290.000000,295.000000,290.000000,295.000000,295.000000,14282000
2013-10-03,290.000000,295.000000,285.000000,290.000000,290.000000,12660500
2013-10-04,285.000000,290.000000,280.000000,290.000000,290.000000,17954500
2013-10-07,290.000000,300.000000,285.000000,290.000000,290.000000,14766000
2013-10-08,290.000000,295.000000,290.000000,295.000000,295.000000,13300000
2013-10-09,290.000000,295.000000,285.000000,290.000000,290.000000,11975000
2013-10-10,290.000000,295.000000,290.000000,295.000000,295.000000,14245000
2013-10-11,295.000000,295.000000,290.000000,290.000000,290.000000,14004500
2013-10-16,290.000000,290.000000,280.000000,285.000000,285.000000,13189500
2013-10-17,290.000000,290.000000,285.000000,285.000000,285.000000,13847000
2013-10-18,290.000000,290.000000,285.000000,290.000000,290.000000,21971000
2013-10-21,290.000000,290.000000,285.000000,290.000000,290.000000,16487500
2013-10-22,285.000000,290.000000,280.000000,285.000000,285.000000,11939000
2013-10-23,285.000000,290.000000,285.000000,290.000000,290.000000,13817000
2013-10-24,285.000000,285.000000,280.000000,285.000000,285.000000,12414500
2013-10-25,285.000000,290.000000,285.000000,290.000000,290.000000,14678500
2013-10-28,290.000000,295.000000,290.000000,290.000000,290.000000,17617000
2013-10-29,290.000000,290.000000,285.000000,290.000000,290.000000,12306000
2013-10-30,290.000000,300.000000,290.000000,295.000000,295.000000,18614500
2013-10-31,295.000000,295.000000,285.000000,290.000000,290.000000,10876500
2013-11-01,285.000000,285.000000,275.000000,280.000000,280.000000,12920500
2013-11-04,280.000000,285.000000,275.000000,275.000000,275.000000,13918000
2013-11-06,280.000000,280.000000,270.000000,270.000000,270.000000,12252500
2013-11-07,275.000000,280.000000,270.000000,270.000000,270.000000,80047000
2013-11-08,275.000000,275.000000,265.000000,270.000000,270.000000,91063500
2013-11-11,270.000000,270.000000,265.000000,270.000000,270.000000,22862000
2013-11-12,270.000000,270.000000,265.000000,270.000000,270.000000,91177500
2013-11-13,265.000000,270.000000,260.000000,265.000000,265.000000,123820000
2013-11-14,270.000000,270.000000,260.000000,270.000000,270.000000,91998000
2013-11-15,270.000000,275.000000,260.000000,265.000000,265.000000,25612000
2013-11-18,270.000000,275.000000,265.000000,270.000000,270.000000,31109000
2013-11-19,270.000000,270.000000,260.000000,265.000000,265.000000,20260500
2013-11-20,265.000000,265.000000,260.000000,265.000000,265.000000,15546500
2013-11-21,260.000000,260.000000,255.000000,260.000000,260.000000,10559000
2013-11-22,260.000000,260.000000,255.000000,260.000000,260.000000,11683000
2013-11-25,260.000000,265.000000,255.000000,265.000000,265.000000,16047000
2013-11-26,265.000000,265.000000,255.000000,265.000000,265.000000,15568000
2013-11-27,260.000000,270.000000,260.000000,270.000000,270.000000,17678000
2013-11-28,270.000000,270.000000,265.000000,270.000000,270.000000,13625000
2013-11-29,270.000000,270.000000,265.000000,270.000000,270.000000,63150500
2013-12-02,270.000000,270.000000,265.000000,270.000000,270.000000,25716500
2013-12-03,270.000000,275.000000,265.000000,270.000000,270.000000,15295500
2013-12-04,265.000000,270.000000,260.000000,265.000000,265.000000,67131500
2013-12-05,265.000000,265.000000,260.000000,265.000000,265.000000,14598500
2013-12-06,265.000000,265.000000,260.000000,265.000000,265.000000,48069000
2013-12-09,265.000000,275.000000,265.000000,270.000000,270.000000,82126000
2013-12-10,270.000000,280.000000,265.000000,275.000000,275.000000,32232500
2013-12-11,270.000000,275.000000,270.000000,275.000000,275.000000,53666500
2013-12-12,270.000000,270.000000,265.000000,270.000000,270.000000,72521500
2013-12-13,270.000000,270.000000,270.000000,270.000000,270.000000,23605500
2013-12-16,265.000000,270.000000,260.000000,265.000000,265.000000,73345000
2013-12-17,265.000000,270.000000,265.000000,270.000000,270.000000,23853000
2013-12-18,270.000000,270.000000,265.000000,270.000000,270.000000,23916500
2013-12-19,270.000000,275.000000,270.000000,270.000000,270.000000,12840500
2013-12-20,270.000000,270.000000,260.000000,265.000000,265.000000,31212000
2013-12-23,265.000000,270.000000,255.000000,260.000000,260.000000,30098500
2013-12-24,260.000000,260.000000,260.000000,260.000000,260.000000,11225500
2013-12-27,265.000000,265.000000,260.000000,265.000000,265.000000,11452000
2013-12-30,265.000000,270.000000,265.000000,265.000000,265.000000,25663500
2014-01-02,265.000000,270.000000,260.000000,265.000000,265.000000,21971000
2014-01-03,265.000000,265.000000,255.000000,260.000000,260.000000,16237500
2014-01-06,260.000000,261.000000,257.000000,258.000000,258.000000,25458200
2014-01-07,259.000000,260.000000,257.000000,259.000000,259.000000,73242700
2014-01-08,259.000000,262.000000,258.000000,260.000000,260.000000,65144500
2014-01-09,259.000000,263.000000,259.000000,261.000000,261.000000,70422100
2014-01-10,260.000000,262.000000,259.000000,262.000000,262.000000,49507900
2014-01-13,262.000000,265.000000,262.000000,263.000000,263.000000,67616900
2014-01-15,262.000000,264.000000,261.000000,263.000000,263.000000,62041000
2014-01-16,263.000000,266.000000,263.000000,264.000000,264.000000,70549400
2014-01-17,264.000000,266.000000,262.000000,263.000000,263.000000,68508900
2014-01-20,263.000000,263.000000,258.000000,262.000000,262.000000,71126000
2014-01-21,262.000000,262.000000,260.000000,261.000000,261.000000,69734000
2014-01-22,261.000000,263.000000,260.000000,262.000000,262.000000,20669800
2014-01-23,262.000000,264.000000,262.000000,263.000000,263.000000,26378700
2014-01-24,260.000000,263.000000,259.000000,260.000000,260.000000,87816700
2014-01-27,258.000000,260.000000,257.000000,258.000000,258.000000,19623700
2014-01-28,257.000000,263.000000,256.000000,261.000000,261.000000,28649700
2014-01-29,261.000000,264.000000,260.000000,262.000000,262.000000,71853200
2014-01-30,260.000000,262.000000,259.000000,260.000000,260.000000,87605800
2014-02-03,260.000000,261.000000,259.000000,260.000000,260.000000,90569500
2014-02-04,258.000000,260.000000,258.000000,258.000000,258.000000,92254000
2014-02-05,259.000000,261.000000,259.000000,260.000000,260.000000,70813800
2014-02-06,260.000000,264.000000,260.000000,261.000000,261.000000,74269100
2014-02-07,261.000000,263.000000,261.000000,262.000000,262.000000,71930200
2014-02-10,261.000000,262.000000,261.000000,262.000000,262.000000,59836200
2014-02-11,261.000000,267.000000,260.000000,264.000000,264.000000,80287200
2014-02-12,264.000000,265.000000,262.000000,264.000000,264.000000,80153900
2014-02-13,263.000000,264.000000,261.000000,262.000000,262.000000,76534300
2014-02-14,261.000000,262.000000,260.000000,261.000000,261.000000,85773300
2014-02-17,261.000000,262.000000,260.000000,262.000000,262.000000,83451300
2014-02-18,261.000000,262.000000,261.000000,262.000000,262.000000,71487500
2014-02-19,261.000000,262.000000,260.000000,262.000000,262.000000,90151700
2014-02-20,261.000000,262.000000,261.000000,262.000000,262.000000,57510400
2014-02-21,261.000000,264.000000,260.000000,262.000000,262.000000,59889400
2014-02-24,262.000000,262.000000,261.000000,262.000000,262.000000,79622900
2014-02-25,262.000000,262.000000,261.000000,261.000000,261.000000,79988900
2014-02-26,261.000000,262.000000,260.000000,262.000000,262.000000,59335200
2014-02-27,261.000000,262.000000,261.000000,262.000000,262.000000,79520500
2014-02-28,261.000000,263.000000,260.000000,262.000000,262.000000,81455900
2014-03-03,261.000000,261.000000,259.000000,261.000000,261.000000,65814400
2014-03-04,261.000000,262.000000,261.000000,262.000000,262.000000,80790000
2014-03-05,262.000000,263.000000,262.000000,262.000000,262.000000,91822100
2014-03-06,261.000000,262.000000,260.000000,261.000000,261.000000,61049900
2014-03-07,261.000000,263.000000,261.000000,262.000000,262.000000,90707800
2014-03-10,261.000000,262.000000,260.000000,261.000000,261.000000,90666000
2014-03-11,261.000000,262.000000,260.000000,262.000000,262.000000,102272700
2014-03-12,261.000000,262.000000,260.000000,261.000000,261.000000,89749900
2014-03-13,261.000000,263.000000,261.000000,262.000000,262.000000,90488600
2014-03-14,261.000000,263.000000,260.000000,263.000000,263.000000,90121300
2014-03-17,262.000000,263.000000,262.000000,262.000000,262.000000,92879904
2014-03-18,262.000000,264.000000,262.000000,262.000000,262.000000,91557700
2014-03-19,262.000000,264.000000,262.000000,263.000000,263.000000,91204300
2014-03-20,262.000000,263.000000,261.000000,261.000000,261.000000,90467100
2014-03-21,262.000000,263.000000,261.000000,262.000000,262.000000,91024500
2014-03-24,262.000000,263.000000,262.000000,263.000000,263.000000,93604200
2014-03-25,263.000000,264.000000,262.000000,263.000000,263.000000,93022600
2014-03-26,263.000000,266.000000,263.000000,264.000000,264.000000,92331300
2014-03-27,263.000000,265.000000,263.000000,264.000000,264.000000,91284100
2014-03-28,263.000000,265.000000,263.000000,265.000000,265.000000,91652000
2014-04-01,265.000000,266.000000,263.000000,266.000000,266.000000,90368100
2014-04-02,266.000000,267.000000,265.000000,266.000000,266.000000,90779500
2014-04-03,265.000000,267.000000,265.000000,265.000000,265.000000,89584100
2014-04-04,265.000000,265.000000,263.000000,265.000000,265.000000,96696000
2014-04-07,264.000000,266.000000,264.000000,266.000000,266.000000,93638700
2014-04-08,265.000000,266.000000,264.000000,265.000000,265.000000,88913600
2014-04-09,265.000000,265.000000,265.000000,265.000000,265.000000,0
2014-04-10,265.000000,266.000000,263.000000,263.000000,263.000000,90092800
2014-04-11,263.000000,264.000000,261.000000,263.000000,263.000000,91483800
2014-04-14,263.000000,265.000000,263.000000,264.000000,264.000000,98390700
2014-04-15,264.000000,265.000000,263.000000,264.000000,264.000000,91684100
2014-04-16,263.000000,265.000000,262.000000,264.000000,264.000000,90010900
2014-04-17,263.000000,265.000000,262.000000,263.000000,263.000000,90311900
2014-04-21,263.000000,264.000000,262.000000,263.000000,263.000000,90247600
2014-04-22,263.000000,264.000000,262.000000,263.000000,263.000000,93834900
2014-04-23,263.000000,265.000000,263.000000,263.000000,263.000000,90410900
2014-04-24,263.000000,264.000000,262.000000,264.000000,264.000000,90875700
2014-04-25,263.000000,265.000000,263.000000,265.000000,265.000000,95637700
2014-04-28,265.000000,266.000000,263.000000,264.000000,264.000000,90217700
2014-04-29,264.000000,266.000000,264.000000,265.000000,265.000000,90211100
2014-04-30,265.000000,267.000000,265.000000,266.000000,266.000000,90613400
2014-05-02,266.000000,267.000000,265.000000,266.000000,266.000000,110592600
2014-05-05,266.000000,269.000000,265.000000,267.000000,267.000000,115358600
2014-05-06,267.000000,271.000000,266.000000,269.000000,269.000000,110566600
2014-05-07,269.000000,270.000000,267.000000,269.000000,269.000000,90194100
2014-05-08,269.000000,270.000000,267.000000,268.000000,268.000000,90538200
2014-05-09,268.000000,270.000000,267.000000,268.000000,268.000000,80124200
2014-05-12,268.000000,270.000000,267.000000,268.000000,268.000000,85162000
2014-05-13,268.000000,269.000000,267.000000,267.000000,267.000000,80359500
2014-05-14,267.000000,267.000000,263.000000,265.000000,265.000000,80080200
2014-05-16,264.000000,266.000000,263.000000,265.000000,265.000000,80372400
2014-05-19,264.000000,266.000000,263.000000,264.000000,264.000000,80325900
2014-05-20,261.000000,264.000000,261.000000,261.000000,261.000000,80426500
2014-05-21,262.000000,263.000000,261.000000,262.000000,262.000000,80302200
2014-05-22,263.000000,263.000000,261.000000,263.000000,263.000000,80261400
2014-05-23,263.000000,264.000000,262.000000,263.000000,263.000000,80229800
2014-05-26,263.000000,263.000000,262.000000,263.000000,263.000000,78762200
2014-05-28,263.000000,264.000000,263.000000,263.000000,263.000000,80303400
2014-05-30,263.000000,264.000000,262.000000,263.000000,263.000000,80514000
2014-06-02,263.000000,264.000000,262.000000,263.000000,263.000000,80397300
2014-06-03,263.000000,263.000000,262.000000,263.000000,263.000000,80334700
2014-06-04,261.000000,264.000000,261.000000,261.000000,261.000000,98113300
2014-06-05,263.000000,263.000000,260.000000,263.000000,263.000000,98166400
2014-06-06,264.000000,264.000000,262.000000,264.000000,264.000000,70313500
2014-06-09,263.000000,264.000000,262.000000,263.000000,263.000000,70464400
2014-06-10,264.000000,265.000000,263.000000,264.000000,264.000000,62149400
2014-06-11,266.000000,266.000000,264.000000,266.000000,266.000000,55362600
2014-06-12,265.000000,266.000000,264.000000,265.000000,265.000000,61393900
2014-06-13,264.000000,266.000000,263.000000,264.000000,264.000000,57388900
2014-06-16,263.000000,266.000000,262.000000,263.000000,263.000000,55699200
2014-06-17,263.000000,264.000000,261.000000,263.000000,263.000000,56138900
2014-06-18,262.000000,263.000000,262.000000,262.000000,262.000000,64504600
2014-06-19,262.000000,263.000000,261.000000,262.000000,262.000000,60334900
2014-06-20,264.000000,264.000000,262.000000,264.000000,264.000000,60564100
2014-06-23,265.000000,265.000000,264.000000,265.000000,265.000000,55389500
2014-06-24,264.000000,265.000000,264.000000,264.000000,264.000000,57450600
2014-06-25,263.000000,264.000000,263.000000,263.000000,263.000000,71182300
2014-06-26,263.000000,264.000000,262.000000,263.000000,263.000000,50517700
2014-06-27,263.000000,263.000000,263.000000,263.000000,263.000000,50160700
2014-06-30,264.000000,264.000000,262.000000,264.000000,264.000000,55172200
2014-07-01,263.000000,264.000000,262.000000,263.000000,263.000000,51180200
2014-07-02,262.000000,262.000000,262.000000,262.000000,262.000000,38151400
2014-07-03,262.000000,262.000000,262.000000,262.000000,262.000000,39772500
2014-07-04,264.000000,264.000000,261.000000,264.000000,264.000000,37738200
2014-07-07,264.000000,265.000000,263.000000,264.000000,264.000000,33205400
2014-07-08,264.000000,266.000000,263.000000,264.000000,264.000000,35776200
2014-07-09,264.000000,264.000000,264.000000,264.000000,264.000000,0
2014-07-10,270.000000,270.000000,263.000000,270.000000,270.000000,46235100
2014-07-11,268.000000,270.000000,268.000000,268.000000,268.000000,31914400
2014-07-14,267.000000,269.000000,267.000000,267.000000,267.000000,31468100
2014-07-15,271.000000,273.000000,268.000000,271.000000,271.000000,35401800
2014-07-16,275.000000,276.000000,271.000000,275.000000,275.000000,40114800
2014-07-17,273.000000,288.000000,272.000000,273.000000,273.000000,30559900
2014-07-18,274.000000,275.000000,272.000000,274.000000,274.000000,30456900
2014-07-21,277.000000,277.000000,274.000000,277.000000,277.000000,35525700
2014-07-22,275.000000,277.000000,274.000000,275.000000,275.000000,30293700
2014-07-23,274.000000,277.000000,274.000000,274.000000,274.000000,38003300
2014-07-24,271.000000,275.000000,271.000000,271.000000,271.000000,30680000
2014-07-25,265.000000,271.000000,265.000000,265.000000,265.000000,35944400
2014-08-04,260.000000,265.000000,260.000000,260.000000,260.000000,31299300
2014-08-05,261.000000,261.000000,259.000000,261.000000,261.000000,30736600
2014-08-06,256.000000,261.000000,256.000000,256.000000,256.000000,36208100
2014-08-07,257.000000,257.000000,254.000000,257.000000,257.000000,45329000
2014-08-08,258.000000,258.000000,256.000000,258.000000,258.000000,40860100
2014-08-11,258.000000,259.000000,258.000000,258.000000,258.000000,47930300
2014-08-12,259.000000,259.000000,258.000000,259.000000,259.000000,33974800
2014-08-13,258.000000,260.000000,258.000000,258.000000,258.000000,46209800
2014-08-14,256.000000,259.000000,255.000000,256.000000,256.000000,39929000
2014-08-15,255.000000,257.000000,255.000000,255.000000,255.000000,32187100
2014-08-18,256.000000,256.000000,254.000000,256.000000,256.000000,47675900
2014-08-19,257.000000,257.000000,255.000000,257.000000,257.000000,40381500
2014-08-20,257.000000,259.000000,256.000000,257.000000,257.000000,39685700
2014-08-21,256.000000,257.000000,255.000000,256.000000,256.000000,34738900
2014-08-22,256.000000,256.000000,254.000000,256.000000,256.000000,47371600
2014-08-25,254.000000,256.000000,254.000000,254.000000,254.000000,33716600
2014-08-26,253.000000,255.000000,253.000000,253.000000,253.000000,35341300
2014-08-27,254.000000,255.000000,253.000000,254.000000,254.000000,47183700
2014-08-28,256.000000,256.000000,253.000000,256.000000,256.000000,45931700
2014-08-29,256.000000,256.000000,255.000000,256.000000,256.000000,40708200
2014-09-01,257.000000,257.000000,256.000000,257.000000,257.000000,36132600
2014-09-02,258.000000,258.000000,257.000000,258.000000,258.000000,42370600
2014-09-03,259.000000,259.000000,258.000000,259.000000,259.000000,45781800
2014-09-04,258.000000,259.000000,258.000000,258.000000,258.000000,58463900
2014-09-05,259.000000,260.000000,257.000000,259.000000,259.000000,45338500
2014-09-08,260.000000,261.000000,259.000000,260.000000,260.000000,49173700
2014-09-09,258.000000,260.000000,257.000000,258.000000,258.000000,51192000
2014-09-10,255.000000,258.000000,255.000000,255.000000,255.000000,42641000
2014-09-11,256.000000,257.000000,254.000000,256.000000,256.000000,69454800
2014-09-12,256.000000,257.000000,254.000000,256.000000,256.000000,75973400
2014-09-15,253.000000,255.000000,252.000000,253.000000,253.000000,64257900
2014-09-16,248.000000,254.000000,247.000000,248.000000,248.000000,62226000
2014-09-17,249.000000,250.000000,248.000000,249.000000,249.000000,71830700
2014-09-18,245.000000,250.000000,245.000000,245.000000,245.000000,66406800
2014-09-19,249.000000,249.000000,245.000000,249.000000,249.000000,75332200
2014-09-22,245.000000,249.000000,245.000000,245.000000,245.000000,62092400
2014-09-23,240.000000,245.000000,240.000000,240.000000,240.000000,60150600
2014-09-24,238.000000,242.000000,238.000000,238.000000,238.000000,61435500
2014-09-25,239.000000,240.000000,238.000000,239.000000,239.000000,60191500
2014-09-26,229.000000,238.000000,228.000000,229.000000,229.000000,83287000
2014-09-29,224.000000,229.000000,223.000000,224.000000,224.000000,83640100
2014-09-30,225.000000,226.000000,222.000000,225.000000,225.000000,87863400
2014-10-01,225.000000,225.000000,224.000000,225.000000,225.000000,69927300
2014-10-02,217.000000,223.000000,217.000000,217.000000,217.000000,80340100
2014-10-03,213.000000,219.000000,213.000000,213.000000,213.000000,83424900
2014-10-06,215.000000,231.000000,212.000000,215.000000,215.000000,77328900
2014-10-07,216.000000,216.000000,215.000000,216.000000,216.000000,79709000
2014-10-08,210.000000,215.000000,210.000000,210.000000,210.000000,84122400
2014-10-09,214.000000,214.000000,211.000000,214.000000,214.000000,81352400
2014-10-10,213.000000,213.000000,211.000000,213.000000,213.000000,69939000
2014-10-13,212.000000,213.000000,211.000000,212.000000,212.000000,84771300
2014-10-14,213.000000,213.000000,212.000000,213.000000,213.000000,82324400
2014-10-15,214.000000,214.000000,212.000000,214.000000,214.000000,77384400
2014-10-16,213.000000,214.000000,212.000000,213.000000,213.000000,73262000
2014-10-17,215.000000,215.000000,212.000000,215.000000,215.000000,80648400
2014-10-20,216.000000,217.000000,214.000000,216.000000,216.000000,70244300
2014-10-21,215.000000,217.000000,214.000000,215.000000,215.000000,61182300
2014-10-22,217.000000,217.000000,215.000000,217.000000,217.000000,63251900
2014-10-23,218.000000,218.000000,216.000000,218.000000,218.000000,59673200
2014-10-24,217.000000,220.000000,216.000000,217.000000,217.000000,61132200
2014-10-27,215.000000,217.000000,215.000000,215.000000,215.000000,51956300
2014-10-28,214.000000,218.000000,213.000000,214.000000,214.000000,53519600
2014-10-29,216.000000,217.000000,214.000000,216.000000,216.000000,56716100
2014-10-30,214.000000,216.000000,213.000000,214.000000,214.000000,51629100
2014-10-31,218.000000,218.000000,214.000000,218.000000,218.000000,58276700
2014-11-03,216.000000,219.000000,215.000000,216.000000,216.000000,52229200
2014-11-04,216.000000,216.000000,214.000000,216.000000,216.000000,45978000
2014-11-05,215.000000,218.000000,215.000000,215.000000,215.000000,54177200
2014-11-06,214.000000,216.000000,214.000000,214.000000,214.000000,51733700
2014-11-07,217.000000,217.000000,214.000000,217.000000,217.000000,56830600
2014-11-10,223.000000,224.000000,217.000000,223.000000,223.000000,53132700
2014-11-11,222.000000,227.000000,222.000000,222.000000,222.000000,49200800
2014-11-12,222.000000,224.000000,222.000000,222.000000,222.000000,45975600
2014-11-13,219.000000,222.000000,218.000000,219.000000,219.000000,51377100
2014-11-14,218.000000,220.000000,217.000000,218.000000,218.000000,46172300
2014-11-17,218.000000,219.000000,217.000000,219.000000,219.000000,49445600
2014-11-18,215.000000,221.000000,215.000000,215.000000,215.000000,51584700
2014-11-19,215.000000,218.000000,214.000000,215.000000,215.000000,47413600
2014-11-20,205.000000,215.000000,205.000000,205.000000,205.000000,47176300
2014-11-21,206.000000,207.000000,204.000000,206.000000,206.000000,51966500
2014-11-24,194.000000,206.000000,193.000000,194.000000,194.000000,55280800
2014-11-25,197.000000,197.000000,189.000000,197.000000,197.000000,71680800
2014-11-26,191.000000,195.000000,190.000000,191.000000,191.000000,53135500
2014-11-27,190.000000,191.000000,188.000000,190.000000,190.000000,60391400
2014-11-28,191.000000,191.000000,190.000000,191.000000,191.000000,45220400
2014-12-01,190.000000,191.000000,185.000000,185.000000,185.000000,49978800
2014-12-02,185.000000,189.000000,182.000000,182.000000,182.000000,58400500
2014-12-03,183.000000,184.000000,180.000000,182.000000,182.000000,45787200
2014-12-04,182.000000,184.000000,181.000000,184.000000,184.000000,52950500
2014-12-05,184.000000,186.000000,184.000000,184.000000,184.000000,48763100
2014-12-08,184.000000,186.000000,181.000000,181.000000,181.000000,55931600
2014-12-09,182.000000,183.000000,179.000000,181.000000,181.000000,49806500
2014-12-10,181.000000,184.000000,181.000000,182.000000,182.000000,46579000
2014-12-11,181.000000,182.000000,180.000000,182.000000,182.000000,49747300
2014-12-12,182.000000,183.000000,179.000000,180.000000,180.000000,51301900
2014-12-15,179.000000,179.000000,176.000000,177.000000,177.000000,46347400
2014-12-16,178.000000,178.000000,175.000000,176.000000,176.000000,52383500
2014-12-17,176.000000,178.000000,175.000000,178.000000,178.000000,45637900
2014-12-18,178.000000,181.000000,178.000000,181.000000,181.000000,52831000
2014-12-19,182.000000,186.000000,182.000000,184.000000,184.000000,46600300
2014-12-22,183.000000,186.000000,182.000000,183.000000,183.000000,57688200
2014-12-23,184.000000,187.000000,184.000000,186.000000,186.000000,50761100
2014-12-24,185.000000,187.000000,185.000000,186.000000,186.000000,48183600
2014-12-29,186.000000,188.000000,185.000000,186.000000,186.000000,51604200
2014-12-30,186.000000,187.000000,185.000000,186.000000,186.000000,47474300
2015-01-02,186.000000,187.000000,185.000000,187.000000,187.000000,50463500
2015-01-05,187.000000,188.000000,185.000000,186.000000,186.000000,51263000
2015-01-06,185.000000,186.000000,184.000000,184.000000,184.000000,47807100
2015-01-07,185.000000,188.000000,185.000000,185.000000,185.000000,53707800
2015-01-08,185.000000,187.000000,184.000000,186.000000,186.000000,45396100
2015-01-09,186.000000,186.000000,184.000000,185.000000,185.000000,51128900
2015-01-12,185.000000,186.000000,183.000000,184.000000,184.000000,50900000
2015-01-13,184.000000,185.000000,180.000000,180.000000,180.000000,47582900
2015-01-14,180.000000,180.000000,176.000000,177.000000,177.000000,46225200
2015-01-15,179.000000,194.000000,177.000000,179.000000,179.000000,51286900
2015-01-16,182.000000,184.000000,178.000000,183.000000,183.000000,52659900
2015-01-19,188.000000,192.000000,184.000000,191.000000,191.000000,354620400
2015-01-20,191.000000,197.000000,190.000000,196.000000,196.000000,121882600
2015-01-21,197.000000,199.000000,196.000000,197.000000,197.000000,66863600
2015-01-22,207.000000,208.000000,196.000000,204.000000,204.000000,259636300
2015-01-23,210.000000,210.000000,200.000000,201.000000,201.000000,293364800
2015-01-26,200.000000,203.000000,198.000000,201.000000,201.000000,93959500
2015-01-27,201.000000,203.000000,198.000000,201.000000,201.000000,94206600
2015-01-28,201.000000,202.000000,200.000000,201.000000,201.000000,110714800
2015-01-29,201.000000,202.000000,200.000000,201.000000,201.000000,104745700
2015-01-30,201.000000,213.000000,200.000000,213.000000,213.000000,152353700
2015-02-02,212.000000,222.000000,212.000000,220.000000,220.000000,191071400
2015-02-03,221.000000,230.000000,221.000000,228.000000,228.000000,201040000
2015-02-04,229.000000,233.000000,219.000000,230.000000,230.000000,240549500
2015-02-05,231.000000,241.000000,230.000000,232.000000,232.000000,219790800
2015-02-06,234.000000,237.000000,229.000000,235.000000,235.000000,217452400
2015-02-09,234.000000,236.000000,218.000000,223.000000,223.000000,168795300
2015-02-10,224.000000,225.000000,219.000000,223.000000,223.000000,150778200
2015-02-11,223.000000,229.000000,222.000000,228.000000,228.000000,171534800
2015-02-12,228.000000,232.000000,224.000000,228.000000,228.000000,138083900
2015-02-13,228.000000,229.000000,221.000000,224.000000,224.000000,142067000
2015-02-16,224.000000,226.000000,220.000000,224.000000,224.000000,139674500
2015-02-17,224.000000,225.000000,220.000000,221.000000,221.000000,127435500
2015-02-18,221.000000,228.000000,221.000000,225.000000,225.000000,162906800
2015-02-20,225.000000,229.000000,223.000000,229.000000,229.000000,202089100
2015-02-23,239.000000,239.000000,225.000000,226.000000,226.000000,165844300
2015-02-24,226.000000,228.000000,224.000000,226.000000,226.000000,147780000
2015-02-25,226.000000,228.000000,223.000000,225.000000,225.000000,137385900
2015-02-26,225.000000,226.000000,220.000000,224.000000,224.000000,134134700
2015-02-27,224.000000,226.000000,221.000000,225.000000,225.000000,172756700
2015-03-02,225.000000,227.000000,222.000000,225.000000,225.000000,130141800
2015-03-03,225.000000,225.000000,217.000000,222.000000,222.000000,188342100
2015-03-04,222.000000,223.000000,220.000000,220.000000,220.000000,132108300
2015-03-05,223.000000,224.000000,220.000000,223.000000,223.000000,142280600
2015-03-06,223.000000,226.000000,222.000000,226.000000,226.000000,143515400
2015-03-09,225.000000,225.000000,219.000000,222.000000,222.000000,132322800
2015-03-10,223.000000,223.000000,219.000000,219.000000,219.000000,116645200
2015-03-11,218.000000,219.000000,211.000000,214.000000,214.000000,155536400
2015-03-12,215.000000,215.000000,211.000000,211.000000,211.000000,137274600
2015-03-13,212.000000,217.000000,210.000000,214.000000,214.000000,148099000
2015-03-16,214.000000,218.000000,213.000000,215.000000,215.000000,115579000
2015-03-17,215.000000,217.000000,214.000000,214.000000,214.000000,134436500
2015-03-18,215.000000,217.000000,212.000000,213.000000,213.000000,122175600
2015-03-19,213.000000,216.000000,211.000000,213.000000,213.000000,136717700
2015-03-20,212.000000,213.000000,208.000000,212.000000,212.000000,182996900
2015-03-23,212.000000,213.000000,210.000000,211.000000,211.000000,129028200
2015-03-24,213.000000,213.000000,211.000000,212.000000,212.000000,121500100
2015-03-25,212.000000,214.000000,210.000000,211.000000,211.000000,126811500
2015-03-26,211.000000,212.000000,206.000000,209.000000,209.000000,161941600
2015-03-27,209.000000,217.000000,206.000000,216.000000,216.000000,329980700
2015-03-30,225.000000,228.000000,218.000000,227.000000,227.000000,310799700
2015-03-31,227.000000,231.000000,226.000000,228.000000,228.000000,215679300
2015-04-01,227.000000,229.000000,223.000000,225.000000,225.000000,188980200
2015-04-02,226.000000,232.000000,225.000000,232.000000,232.000000,253943900
2015-04-06,232.000000,235.000000,225.000000,227.000000,227.000000,247693700
2015-04-07,227.000000,231.000000,227.000000,229.000000,229.000000,276710800
2015-04-08,229.000000,230.000000,226.000000,228.000000,228.000000,243115100
2015-04-09,229.000000,235.000000,228.000000,234.000000,234.000000,310189400
2015-04-10,235.000000,238.000000,231.000000,232.000000,232.000000,278667000
2015-04-13,222.000000,232.000000,221.000000,222.000000,222.000000,259281900
2015-04-14,222.000000,224.000000,213.000000,214.000000,214.000000,227137200
2015-04-15,215.000000,215.000000,206.000000,207.000000,207.000000,200110600
2015-04-16,208.000000,215.000000,208.000000,214.000000,214.000000,170026200
2015-04-17,214.000000,215.000000,210.000000,210.000000,210.000000,154861300
2015-04-20,210.000000,212.000000,209.000000,210.000000,210.000000,153850300
2015-04-21,210.000000,219.000000,210.000000,213.000000,213.000000,152835700
2015-04-22,213.000000,214.000000,206.000000,206.000000,206.000000,164138700
2015-04-23,208.000000,209.000000,206.000000,206.000000,206.000000,146759700
2015-04-24,216.000000,216.000000,201.000000,206.000000,206.000000,152837100
2015-04-27,208.000000,208.000000,197.000000,199.000000,199.000000,119004400
2015-04-28,199.000000,200.000000,192.000000,192.000000,192.000000,83124300
2015-04-29,193.000000,194.000000,177.000000,178.000000,178.000000,167535300
2015-04-30,179.000000,185.000000,176.000000,181.000000,181.000000,135116000
2015-05-04,181.000000,184.000000,166.000000,171.000000,171.000000,94380000
2015-05-05,171.000000,174.000000,159.000000,170.000000,170.000000,93378500
2015-05-06,170.000000,195.000000,170.000000,195.000000,195.000000,89689800
2015-05-07,195.000000,205.000000,189.000000,202.000000,202.000000,98327200
2015-05-08,202.000000,205.000000,198.000000,201.000000,201.000000,61222200
2015-05-11,220.000000,220.000000,196.000000,198.000000,198.000000,68727300
2015-05-12,198.000000,201.000000,193.000000,193.000000,193.000000,59465700
2015-05-13,193.000000,194.000000,184.000000,193.000000,193.000000,68688700
2015-05-15,203.000000,203.000000,188.000000,201.000000,201.000000,89317400
2015-05-18,205.000000,206.000000,199.000000,205.000000,205.000000,109718500
2015-05-19,212.000000,212.000000,204.000000,208.000000,208.000000,98423300
2015-05-20,208.000000,217.000000,208.000000,212.000000,212.000000,108290600
2015-05-21,220.000000,223.000000,212.000000,221.000000,221.000000,82273200
2015-05-22,223.000000,223.000000,217.000000,219.000000,219.000000,67730500
2015-05-25,223.000000,223.000000,213.000000,216.000000,216.000000,77863100
2015-05-26,219.000000,219.000000,214.000000,216.000000,216.000000,73042500
2015-05-27,201.000000,219.000000,201.000000,218.000000,218.000000,82909800
2015-05-28,215.000000,218.000000,214.000000,218.000000,218.000000,73349800
2015-05-29,215.000000,223.000000,211.000000,223.000000,223.000000,97447500
2015-06-01,221.000000,221.000000,216.000000,218.000000,218.000000,63821400
2015-06-03,215.000000,219.000000,209.000000,217.000000,217.000000,84954700
2015-06-04,215.000000,219.000000,213.000000,216.000000,216.000000,67290600
2015-06-05,214.000000,222.000000,214.000000,220.000000,220.000000,85587200
2015-06-08,217.000000,225.000000,214.000000,215.000000,215.000000,67729700
2015-06-09,215.000000,215.000000,206.000000,215.000000,215.000000,82266900
2015-06-10,210.000000,217.000000,210.000000,210.000000,210.000000,71000800
2015-06-11,214.000000,215.000000,210.000000,210.000000,210.000000,70255800
2015-06-12,212.000000,212.000000,208.000000,211.000000,211.000000,62871400
2015-06-15,195.000000,209.000000,192.000000,199.000000,199.000000,67098200
2015-06-16,215.000000,215.000000,198.000000,201.000000,201.000000,77017000
2015-06-17,202.000000,205.000000,199.000000,205.000000,205.000000,86882700
2015-06-18,215.000000,215.000000,201.000000,202.000000,202.000000,71760500
2015-06-19,202.000000,214.000000,202.000000,210.000000,210.000000,56895600
2015-06-22,210.000000,215.000000,210.000000,214.000000,214.000000,61844900
2015-06-23,218.000000,218.000000,209.000000,214.000000,214.000000,85679700
2015-06-24,214.000000,218.000000,212.000000,215.000000,215.000000,168018100
2015-06-25,215.000000,216.000000,212.000000,214.000000,214.000000,147969900
2015-06-26,220.000000,220.000000,212.000000,217.000000,217.000000,98341104
2015-06-29,218.000000,218.000000,210.000000,214.000000,214.000000,8531600
2015-06-30,196.000000,214.000000,196.000000,213.000000,213.000000,19754000
2015-07-01,195.000000,213.000000,195.000000,211.000000,211.000000,9199600
2015-07-02,213.000000,213.000000,205.000000,210.000000,210.000000,36155000
2015-07-03,211.000000,212.000000,204.000000,210.000000,210.000000,11902600
2015-07-06,208.000000,208.000000,200.000000,203.000000,203.000000,8733500
2015-07-07,193.000000,208.000000,193.000000,203.000000,203.000000,7890300
2015-07-08,205.000000,208.000000,203.000000,205.000000,205.000000,20787000
2015-07-09,205.000000,209.000000,200.000000,206.000000,206.000000,7434500
2015-07-10,209.000000,210.000000,202.000000,203.000000,203.000000,8703000
2015-07-13,206.000000,206.000000,201.000000,203.000000,203.000000,1862900
2015-07-14,205.000000,205.000000,201.000000,201.000000,201.000000,2018000
2015-07-15,201.000000,204.000000,198.000000,204.000000,204.000000,5760300
2015-07-22,202.000000,202.000000,198.000000,198.000000,198.000000,1206700
2015-07-23,204.000000,204.000000,198.000000,202.000000,202.000000,9344800
2015-07-24,200.000000,202.000000,198.000000,198.000000,198.000000,1583100
2015-07-27,204.000000,205.000000,185.000000,190.000000,190.000000,13228200
2015-07-28,201.000000,201.000000,178.000000,190.000000,190.000000,21067500
2015-07-29,186.000000,193.000000,181.000000,192.000000,192.000000,2200000
2015-07-30,181.000000,194.000000,181.000000,192.000000,192.000000,409600
2015-07-31,187.000000,198.000000,187.000000,192.000000,192.000000,4157900
2015-08-03,195.000000,196.000000,191.000000,191.000000,191.000000,347100
2015-08-04,194.000000,195.000000,187.000000,190.000000,190.000000,1022900
2015-08-05,188.000000,196.000000,188.000000,194.000000,194.000000,6942600
2015-08-06,191.000000,195.000000,190.000000,194.000000,194.000000,8332100
2015-08-07,188.000000,194.000000,188.000000,189.000000,189.000000,7282900
2015-08-10,203.000000,203.000000,188.000000,189.000000,189.000000,266400
2015-08-11,195.000000,195.000000,176.000000,181.000000,181.000000,1196500
2015-08-12,184.000000,184.000000,167.000000,181.000000,181.000000,2563600
2015-08-13,185.000000,185.000000,175.000000,182.000000,182.000000,2913200
2015-08-14,183.000000,184.000000,177.000000,184.000000,184.000000,856900
2015-08-18,180.000000,180.000000,171.000000,180.000000,180.000000,2529000
2015-08-19,193.000000,193.000000,171.000000,183.000000,183.000000,3037600
2015-08-20,186.000000,186.000000,170.000000,178.000000,178.000000,3068200
2015-08-21,189.000000,189.000000,150.000000,152.000000,152.000000,4782400
2015-08-24,153.000000,153.000000,129.000000,135.000000,135.000000,2777100
2015-08-25,136.000000,145.000000,130.000000,143.000000,143.000000,5214300
2015-08-26,150.000000,150.000000,129.000000,150.000000,150.000000,14539300
2015-08-27,150.000000,160.000000,143.000000,155.000000,155.000000,5028100
2015-08-28,164.000000,164.000000,151.000000,161.000000,161.000000,4357100
2015-08-31,162.000000,168.000000,157.000000,168.000000,168.000000,4012200
2015-09-01,171.000000,171.000000,156.000000,160.000000,160.000000,1545500
2015-09-02,160.000000,160.000000,153.000000,159.000000,159.000000,2319500
2015-09-03,157.000000,157.000000,154.000000,156.000000,156.000000,6616900
2015-09-04,154.000000,154.000000,152.000000,152.000000,152.000000,168800
2015-09-07,152.000000,152.000000,140.000000,149.000000,149.000000,972100
2015-09-08,149.000000,149.000000,140.000000,147.000000,147.000000,1127700
2015-09-09,148.000000,148.000000,141.000000,145.000000,145.000000,3591800
2015-09-10,143.000000,148.000000,136.000000,148.000000,148.000000,2818500
2015-09-11,147.000000,158.000000,144.000000,146.000000,146.000000,17434800
2015-09-14,146.000000,150.000000,143.000000,149.000000,149.000000,1507500
2015-09-15,152.000000,152.000000,144.000000,151.000000,151.000000,4599900
2015-09-16,155.000000,157.000000,147.000000,155.000000,155.000000,8693600
2015-09-17,166.000000,166.000000,151.000000,152.000000,152.000000,713400
2015-09-18,159.000000,159.000000,152.000000,155.000000,155.000000,979600
2015-09-21,158.000000,158.000000,152.000000,152.000000,152.000000,65600
2015-09-22,160.000000,160.000000,141.000000,150.000000,150.000000,2801700
2015-09-23,153.000000,153.000000,140.000000,148.000000,148.000000,670500
2015-09-25,148.000000,148.000000,140.000000,144.000000,144.000000,1019800
2015-09-28,143.000000,143.000000,133.000000,137.000000,137.000000,11132800
2015-09-29,135.000000,135.000000,130.000000,134.000000,134.000000,15190800
2015-09-30,144.000000,145.000000,127.000000,139.000000,139.000000,15390900
2015-10-01,139.000000,150.000000,128.000000,134.000000,134.000000,15415800
2015-10-02,138.000000,138.000000,125.000000,127.000000,127.000000,13736600
2015-10-05,130.000000,130.000000,120.000000,120.000000,120.000000,16247200
2015-10-06,122.000000,125.000000,117.000000,117.000000,117.000000,11659600
2015-10-07,117.000000,128.000000,110.000000,126.000000,126.000000,20580400
2015-10-08,127.000000,138.000000,127.000000,129.000000,129.000000,28179500
2015-10-09,130.000000,134.000000,125.000000,128.000000,128.000000,23168800
2015-10-12,130.000000,130.000000,126.000000,129.000000,129.000000,29671800
2015-10-13,131.000000,131.000000,127.000000,128.000000,128.000000,27603600
2015-10-15,136.000000,136.000000,124.000000,125.000000,125.000000,21915000
2015-10-16,129.000000,129.000000,120.000000,120.000000,120.000000,13467700
2015-10-19,122.000000,124.000000,116.000000,120.000000,120.000000,14910100
2015-10-20,120.000000,121.000000,112.000000,116.000000,116.000000,13029100
2015-10-21,117.000000,120.000000,106.000000,109.000000,109.000000,21085800
2015-10-22,109.000000,126.000000,106.000000,110.000000,110.000000,93262200
2015-10-23,111.000000,116.000000,111.000000,115.000000,115.000000,59877100
2015-10-26,115.000000,131.000000,115.000000,122.000000,122.000000,94497400
2015-10-27,125.000000,127.000000,119.000000,125.000000,125.000000,28520200
2015-10-28,125.000000,127.000000,113.000000,119.000000,119.000000,14226400
2015-10-29,119.000000,119.000000,108.000000,111.000000,111.000000,22398900
2015-10-30,112.000000,114.000000,101.000000,112.000000,112.000000,12117000
2015-11-02,110.000000,113.000000,106.000000,113.000000,113.000000,4445500
2015-11-03,113.000000,115.000000,108.000000,110.000000,110.000000,31519400
2015-11-04,111.000000,116.000000,109.000000,110.000000,110.000000,28889500
2015-11-05,110.000000,112.000000,105.000000,109.000000,109.000000,18958100
2015-11-06,110.000000,110.000000,104.000000,104.000000,104.000000,3356900
2015-11-09,107.000000,107.000000,97.000000,103.000000,103.000000,4349600
2015-11-10,106.000000,107.000000,96.000000,105.000000,105.000000,5929300
2015-11-11,107.000000,107.000000,98.000000,103.000000,103.000000,5702800
2015-11-12,103.000000,103.000000,95.000000,99.000000,99.000000,9370300
2015-11-13,95.000000,102.000000,90.000000,101.000000,101.000000,82305000
2015-11-16,100.000000,101.000000,94.000000,101.000000,101.000000,127604200
2015-11-17,101.000000,108.000000,101.000000,105.000000,105.000000,113120100
2015-11-18,107.000000,110.000000,104.000000,104.000000,104.000000,84423300
2015-11-19,105.000000,105.000000,100.000000,104.000000,104.000000,58456600
2015-11-20,103.000000,108.000000,103.000000,103.000000,103.000000,37187900
2015-11-23,104.000000,108.000000,96.000000,102.000000,102.000000,104417600
2015-11-24,103.000000,104.000000,100.000000,102.000000,102.000000,93825500
2015-11-25,102.000000,104.000000,101.000000,103.000000,103.000000,32495700
2015-11-26,102.000000,105.000000,102.000000,103.000000,103.000000,36879000
2015-11-27,103.000000,104.000000,101.000000,102.000000,102.000000,31957300
2015-11-30,102.000000,104.000000,96.000000,96.000000,96.000000,82044900
2015-12-01,100.000000,102.000000,98.000000,101.000000,101.000000,41378900
2015-12-02,101.000000,104.000000,100.000000,102.000000,102.000000,41338100
2015-12-03,101.000000,103.000000,101.000000,101.000000,101.000000,36998800
2015-12-04,101.000000,102.000000,97.000000,100.000000,100.000000,56866100
2015-12-07,101.000000,103.000000,100.000000,102.000000,102.000000,37621600
2015-12-08,101.000000,102.000000,99.000000,100.000000,100.000000,33140100
2015-12-09,100.000000,100.000000,100.000000,100.000000,100.000000,0
2015-12-10,100.000000,101.000000,99.000000,100.000000,100.000000,38983900
2015-12-11,100.000000,102.000000,99.000000,100.000000,100.000000,44290100
2015-12-14,102.000000,102.000000,99.000000,99.000000,99.000000,34451900
2015-12-15,99.000000,104.000000,99.000000,101.000000,101.000000,51667400
2015-12-16,102.000000,103.000000,100.000000,102.000000,102.000000,41254100
2015-12-17,102.000000,106.000000,102.000000,104.000000,104.000000,45895000
2015-12-18,102.000000,105.000000,102.000000,104.000000,104.000000,39913100
2015-12-21,104.000000,107.000000,103.000000,106.000000,106.000000,34536200
2015-12-22,106.000000,112.000000,105.000000,109.000000,109.000000,37882300
2015-12-23,109.000000,115.000000,109.000000,109.000000,109.000000,41133300
2015-12-28,113.000000,113.000000,108.000000,109.000000,109.000000,39153000
2015-12-29,109.000000,109.000000,105.000000,106.000000,106.000000,33237700
2015-12-30,107.000000,110.000000,105.000000,109.000000,109.000000,51683400
2016-01-04,108.000000,109.000000,105.000000,107.000000,107.000000,28903600
2016-01-05,106.000000,109.000000,105.000000,106.000000,106.000000,34544300
2016-01-06,106.000000,107.000000,105.000000,106.000000,106.000000,30880500
2016-01-07,105.000000,107.000000,102.000000,104.000000,104.000000,33580300
2016-01-08,109.000000,109.000000,100.000000,103.000000,103.000000,52933500
2016-01-11,102.000000,102.000000,99.000000,100.000000,100.000000,19675800
2016-01-12,92.000000,102.000000,92.000000,100.000000,100.000000,38725300
2016-01-13,100.000000,103.000000,100.000000,103.000000,103.000000,42703300
2016-01-14,102.000000,103.000000,99.000000,103.000000,103.000000,34254700
2016-01-15,103.000000,105.000000,102.000000,103.000000,103.000000,75457800
2016-01-18,101.000000,104.000000,101.000000,101.000000,101.000000,36095800
2016-01-19,101.000000,101.000000,98.000000,101.000000,101.000000,66983100
2016-01-20,102.000000,102.000000,101.000000,101.000000,101.000000,70918100
2016-01-21,101.000000,102.000000,99.000000,100.000000,100.000000,24374800
2016-01-22,102.000000,102.000000,99.000000,100.000000,100.000000,16929700
2016-01-25,100.000000,100.000000,99.000000,100.000000,100.000000,31651800
2016-01-26,99.000000,100.000000,99.000000,100.000000,100.000000,40653500
2016-01-27,100.000000,100.000000,99.000000,100.000000,100.000000,22360500
2016-01-28,99.000000,100.000000,99.000000,100.000000,100.000000,17199800
2016-01-29,99.000000,100.000000,98.000000,100.000000,100.000000,60007100
2016-02-01,99.000000,100.000000,99.000000,100.000000,100.000000,8505200
2016-02-02,99.000000,100.000000,99.000000,99.000000,99.000000,33466300
2016-02-03,99.000000,100.000000,99.000000,99.000000,99.000000,18256600
2016-02-04,100.000000,100.000000,99.000000,99.000000,99.000000,40971300
2016-02-05,99.000000,100.000000,99.000000,99.000000,99.000000,5517900
2016-02-09,100.000000,100.000000,99.000000,99.000000,99.000000,2305500
2016-02-10,99.000000,100.000000,99.000000,100.000000,100.000000,3099400
2016-02-11,100.000000,100.000000,99.000000,99.000000,99.000000,6051300
2016-02-12,99.000000,100.000000,99.000000,99.000000,99.000000,1612100
2016-02-15,99.000000,107.000000,98.000000,102.000000,102.000000,47629700
2016-02-16,103.000000,103.000000,101.000000,101.000000,101.000000,19652400
2016-02-17,101.000000,101.000000,99.000000,100.000000,100.000000,63306500
2016-02-18,100.000000,101.000000,99.000000,100.000000,100.000000,9482400
2016-02-19,100.000000,101.000000,99.000000,100.000000,100.000000,10175300
2016-02-22,101.000000,101.000000,99.000000,100.000000,100.000000,8654500
2016-02-23,100.000000,101.000000,99.000000,100.000000,100.000000,26416900
2016-02-24,100.000000,100.000000,98.000000,99.000000,99.000000,17044800
2016-02-25,99.000000,100.000000,97.000000,99.000000,99.000000,184061300
2016-02-26,100.000000,100.000000,99.000000,100.000000,100.000000,1556300
2016-02-29,100.000000,100.000000,99.000000,99.000000,99.000000,12459900
2016-03-01,100.000000,100.000000,99.000000,99.000000,99.000000,1166700
2016-03-02,99.000000,100.000000,99.000000,100.000000,100.000000,3955800
2016-03-03,100.000000,100.000000,99.000000,99.000000,99.000000,18675000
2016-03-04,100.000000,100.000000,99.000000,100.000000,100.000000,19422300
2016-03-07,99.000000,100.000000,99.000000,100.000000,100.000000,4459500
2016-03-08,99.000000,100.000000,99.000000,100.000000,100.000000,523100
2016-03-10,100.000000,100.000000,99.000000,100.000000,100.000000,3148900
2016-03-11,null,null,null,null,null,null
2016-03-14,null,null,null,null,null,null
2016-03-15,99.000000,100.000000,98.000000,99.000000,99.000000,32621100
2016-03-16,100.000000,100.000000,98.000000,99.000000,99.000000,65264300
2016-03-17,99.000000,100.000000,98.000000,99.000000,99.000000,110449000
2016-03-18,100.000000,100.000000,98.000000,100.000000,100.000000,26807200
2016-03-21,100.000000,100.000000,98.000000,99.000000,99.000000,10481900
2016-03-22,100.000000,125.000000,99.000000,123.000000,123.000000,116691100
2016-03-23,123.000000,137.000000,122.000000,128.000000,128.000000,110919600
2016-03-24,129.000000,129.000000,122.000000,123.000000,123.000000,24725700
2016-03-28,118.000000,123.000000,114.000000,120.000000,120.000000,16227700
2016-03-29,109.000000,123.000000,109.000000,121.000000,121.000000,8552200
2016-03-30,123.000000,128.000000,118.000000,128.000000,128.000000,28474000
2016-03-31,128.000000,131.000000,125.000000,131.000000,131.000000,32077900
2016-04-01,130.000000,130.000000,124.000000,124.000000,124.000000,5762800
2016-04-04,124.000000,124.000000,117.000000,121.000000,121.000000,3614300
2016-04-05,120.000000,120.000000,116.000000,119.000000,119.000000,3047700
2016-04-06,121.000000,121.000000,114.000000,116.000000,116.000000,7587600
2016-04-07,121.000000,121.000000,114.000000,116.000000,116.000000,4168200
2016-04-08,116.000000,116.000000,112.000000,112.000000,112.000000,5530000
2016-04-11,null,null,null,null,null,null
2016-04-12,110.000000,110.000000,105.000000,105.000000,105.000000,7015500
2016-04-13,null,null,null,null,null,null
2016-04-14,null,null,null,null,null,null
2016-04-15,null,null,null,null,null,null
2016-04-18,null,null,null,null,null,null
2016-04-19,105.000000,105.000000,105.000000,105.000000,105.000000,0
2016-04-20,105.000000,107.000000,103.000000,103.000000,103.000000,3599600
2016-04-21,103.000000,106.000000,102.000000,106.000000,106.000000,4703400
2016-04-22,105.000000,105.000000,102.000000,103.000000,103.000000,3604300
2016-04-25,103.000000,103.000000,102.000000,103.000000,103.000000,1069000
2016-04-26,103.000000,103.000000,99.000000,101.000000,101.000000,11039000
2016-04-27,101.000000,102.000000,99.000000,100.000000,100.000000,23302700
2016-04-28,102.000000,102.000000,100.000000,100.000000,100.000000,6745300
2016-04-29,100.000000,101.000000,100.000000,101.000000,101.000000,1410300
2016-05-02,101.000000,101.000000,100.000000,100.000000,100.000000,2439300
2016-05-03,100.000000,101.000000,100.000000,100.000000,100.000000,5678800
2016-05-04,100.000000,101.000000,100.000000,100.000000,100.000000,8954200
2016-05-09,100.000000,102.000000,100.000000,100.000000,100.000000,18398000
2016-05-10,100.000000,103.000000,100.000000,100.000000,100.000000,6662000
2016-05-11,100.000000,101.000000,100.000000,100.000000,100.000000,5412800
2016-05-12,100.000000,102.000000,100.000000,100.000000,100.000000,6192000
2016-05-13,100.000000,101.000000,100.000000,100.000000,100.000000,460900
2016-05-16,100.000000,101.000000,100.000000,101.000000,101.000000,165200
2016-05-17,101.000000,101.000000,100.000000,100.000000,100.000000,8996900
2016-05-18,100.000000,100.000000,100.000000,100.000000,100.000000,5205200
2016-05-19,100.000000,100.000000,100.000000,100.000000,100.000000,18265700
2016-05-20,100.000000,100.000000,100.000000,100.000000,100.000000,11258000
2016-05-23,100.000000,101.000000,100.000000,100.000000,100.000000,17612400
2016-05-24,99.000000,101.000000,99.000000,100.000000,100.000000,3237700
2016-05-25,100.000000,101.000000,100.000000,101.000000,101.000000,2210500
2016-05-26,101.000000,101.000000,100.000000,100.000000,100.000000,120000
2016-05-27,101.000000,101.000000,100.000000,101.000000,101.000000,16249300
2016-05-30,101.000000,101.000000,100.000000,100.000000,100.000000,2981700
2016-05-31,100.000000,100.000000,100.000000,100.000000,100.000000,10547500
2016-06-01,100.000000,101.000000,100.000000,101.000000,101.000000,6665600
2016-06-02,101.000000,101.000000,100.000000,100.000000,100.000000,10313700
2016-06-03,100.000000,101.000000,100.000000,100.000000,100.000000,10042500
2016-06-06,101.000000,101.000000,100.000000,100.000000,100.000000,3837800
2016-06-07,100.000000,101.000000,100.000000,100.000000,100.000000,8742000
2016-06-08,100.000000,100.000000,100.000000,100.000000,100.000000,6729200
2016-06-09,100.000000,112.000000,100.000000,107.000000,107.000000,35256100
2016-06-10,108.000000,108.000000,102.000000,103.000000,103.000000,5490000
2016-06-13,103.000000,104.000000,100.000000,101.000000,101.000000,5188300
2016-06-14,101.000000,102.000000,100.000000,100.000000,100.000000,3032400
2016-06-15,100.000000,104.000000,100.000000,102.000000,102.000000,6511800
2016-06-16,102.000000,104.000000,101.000000,101.000000,101.000000,2742100
2016-06-17,101.000000,102.000000,100.000000,102.000000,102.000000,5151500
2016-06-20,102.000000,102.000000,100.000000,100.000000,100.000000,3068100
2016-06-21,100.000000,107.000000,100.000000,105.000000,105.000000,15431400
2016-06-22,107.000000,107.000000,102.000000,102.000000,102.000000,5741000
2016-06-23,102.000000,104.000000,101.000000,101.000000,101.000000,2889900
2016-06-24,101.000000,101.000000,100.000000,100.000000,100.000000,28590900
2016-06-27,100.000000,103.000000,100.000000,100.000000,100.000000,11958600
2016-06-28,101.000000,102.000000,100.000000,100.000000,100.000000,10302100
2016-06-29,100.000000,102.000000,100.000000,100.000000,100.000000,6686100
2016-06-30,100.000000,107.000000,100.000000,105.000000,105.000000,66963900
2016-07-01,110.000000,110.000000,100.000000,100.000000,100.000000,11191200
2016-07-11,101.000000,103.000000,101.000000,102.000000,102.000000,5258800
2016-07-12,102.000000,102.000000,100.000000,100.000000,100.000000,13728000
2016-07-13,100.000000,101.000000,100.000000,100.000000,100.000000,9450800
2016-07-14,101.000000,105.000000,100.000000,100.000000,100.000000,34699300
2016-07-15,100.000000,105.000000,100.000000,103.000000,103.000000,22791000
2016-07-18,103.000000,103.000000,100.000000,101.000000,101.000000,9856600
2016-07-19,101.000000,102.000000,100.000000,100.000000,100.000000,41940400
2016-07-20,100.000000,102.000000,99.000000,100.000000,100.000000,39255500
2016-07-21,101.000000,101.000000,99.000000,100.000000,100.000000,48398000
2016-07-22,101.000000,101.000000,99.000000,100.000000,100.000000,39907700
2016-07-25,100.000000,101.000000,99.000000,100.000000,100.000000,27660600
2016-07-26,100.000000,101.000000,99.000000,100.000000,100.000000,26165000
2016-07-27,100.000000,103.000000,100.000000,103.000000,103.000000,36064200
2016-07-28,103.000000,106.000000,101.000000,103.000000,103.000000,99901000
2016-07-29,103.000000,104.000000,100.000000,103.000000,103.000000,41665000
2016-08-01,103.000000,103.000000,100.000000,103.000000,103.000000,41267700
2016-08-02,100.000000,103.000000,100.000000,102.000000,102.000000,39061200
2016-08-03,101.000000,103.000000,100.000000,103.000000,103.000000,28900400
2016-08-04,101.000000,103.000000,100.000000,101.000000,101.000000,33421000
2016-08-05,101.000000,102.000000,100.000000,102.000000,102.000000,32232100
2016-08-08,102.000000,103.000000,100.000000,100.000000,100.000000,33742700
2016-08-09,101.000000,101.000000,99.000000,100.000000,100.000000,34002300
2016-08-10,100.000000,101.000000,99.000000,100.000000,100.000000,32635300
2016-08-11,101.000000,101.000000,100.000000,100.000000,100.000000,23595100
2016-08-12,100.000000,101.000000,98.000000,100.000000,100.000000,58020000
2016-08-15,100.000000,100.000000,99.000000,100.000000,100.000000,52666600
2016-08-16,100.000000,100.000000,99.000000,100.000000,100.000000,47940700
2016-08-18,100.000000,100.000000,99.000000,100.000000,100.000000,12180600
2016-08-19,100.000000,100.000000,99.000000,100.000000,100.000000,4510400
2016-08-22,100.000000,100.000000,99.000000,100.000000,100.000000,7504500
2016-08-23,100.000000,100.000000,98.000000,100.000000,100.000000,12361300
2016-08-24,100.000000,100.000000,99.000000,100.000000,100.000000,9867000
2016-08-25,100.000000,100.000000,99.000000,100.000000,100.000000,5925200
2016-08-26,99.000000,100.000000,98.000000,99.000000,99.000000,14679000
2016-08-29,100.000000,100.000000,98.000000,100.000000,100.000000,18841700
2016-08-30,100.000000,100.000000,98.000000,100.000000,100.000000,14124400
2016-08-31,99.000000,100.000000,98.000000,100.000000,100.000000,13655300
2016-09-01,100.000000,100.000000,98.000000,99.000000,99.000000,6463700
2016-09-02,99.000000,99.000000,98.000000,99.000000,99.000000,3587700
2016-09-05,98.000000,99.000000,97.000000,98.000000,98.000000,11113400
2016-09-06,98.000000,98.000000,96.000000,97.000000,97.000000,7714600
2016-09-07,97.000000,100.000000,97.000000,100.000000,100.000000,16252900
2016-09-08,100.000000,100.000000,98.000000,99.000000,99.000000,15643400
2016-09-09,100.000000,100.000000,97.000000,97.000000,97.000000,11945000
2016-09-13,96.000000,100.000000,93.000000,100.000000,100.000000,71709700
2016-09-14,100.000000,100.000000,97.000000,100.000000,100.000000,11666600
2016-09-15,98.000000,100.000000,97.000000,98.000000,98.000000,40507600
2016-09-16,98.000000,99.000000,97.000000,98.000000,98.000000,25032100
2016-09-19,97.000000,99.000000,97.000000,99.000000,99.000000,50541400
2016-09-20,99.000000,99.000000,97.000000,97.000000,97.000000,10390100
2016-09-21,98.000000,98.000000,96.000000,97.000000,97.000000,5517500
2016-09-22,97.000000,98.000000,95.000000,95.000000,95.000000,11147200
2016-09-23,95.000000,97.000000,93.000000,95.000000,95.000000,11372100
2016-09-26,95.000000,95.000000,92.000000,93.000000,93.000000,28645900
2016-09-27,93.000000,97.000000,91.000000,94.000000,94.000000,15661100
2016-09-28,93.000000,98.000000,93.000000,98.000000,98.000000,33302700
2016-09-29,97.000000,101.000000,94.000000,98.000000,98.000000,46346500
2016-09-30,98.000000,100.000000,96.000000,99.000000,99.000000,12393800
2016-10-03,95.000000,100.000000,95.000000,98.000000,98.000000,30555400
2016-10-04,98.000000,100.000000,96.000000,97.000000,97.000000,6719600
2016-10-05,88.000000,99.000000,88.000000,99.000000,99.000000,5206000
2016-10-06,100.000000,101.000000,99.000000,99.000000,99.000000,7708400
2016-10-07,99.000000,100.000000,97.000000,100.000000,100.000000,1403900
2016-10-10,100.000000,100.000000,97.000000,99.000000,99.000000,35994000
2016-10-11,99.000000,99.000000,97.000000,98.000000,98.000000,151000
2016-10-12,97.000000,100.000000,97.000000,98.000000,98.000000,54364300
2016-10-13,98.000000,98.000000,98.000000,98.000000,98.000000,263100
2016-10-14,98.000000,99.000000,97.000000,98.000000,98.000000,39591000
2016-10-17,99.000000,100.000000,97.000000,98.000000,98.000000,38472000
2016-10-18,97.000000,99.000000,97.000000,98.000000,98.000000,56369800
2016-10-19,97.000000,99.000000,96.000000,97.000000,97.000000,39463900
2016-10-20,97.000000,98.000000,95.000000,96.000000,96.000000,5436700
2016-10-21,96.000000,97.000000,96.000000,96.000000,96.000000,1211800
2016-10-24,96.000000,96.000000,95.000000,96.000000,96.000000,1557700
2016-10-25,97.000000,99.000000,95.000000,96.000000,96.000000,47008900
2016-10-26,97.000000,98.000000,96.000000,98.000000,98.000000,41090200
2016-10-27,98.000000,98.000000,95.000000,98.000000,98.000000,2247600
2016-10-28,100.000000,100.000000,96.000000,98.000000,98.000000,1354900
2016-10-31,98.000000,98.000000,96.000000,98.000000,98.000000,2008400
2016-11-01,98.000000,98.000000,97.000000,97.000000,97.000000,232200
2016-11-02,96.000000,98.000000,96.000000,98.000000,98.000000,7208100
2016-11-03,96.000000,98.000000,96.000000,98.000000,98.000000,1209700
2016-11-04,98.000000,98.000000,96.000000,96.000000,96.000000,100100
2016-11-07,96.000000,97.000000,93.000000,96.000000,96.000000,14549400
2016-11-08,96.000000,96.000000,94.000000,96.000000,96.000000,3721200
2016-11-09,96.000000,96.000000,93.000000,94.000000,94.000000,4612300
2016-11-10,95.000000,96.000000,93.000000,96.000000,96.000000,3305400
2016-11-11,94.000000,96.000000,94.000000,96.000000,96.000000,494200
2016-11-14,95.000000,95.000000,93.000000,94.000000,94.000000,4389100
2016-11-15,95.000000,95.000000,93.000000,94.000000,94.000000,1125100
2016-11-16,94.000000,95.000000,93.000000,95.000000,95.000000,1301800
2016-11-17,93.000000,95.000000,93.000000,95.000000,95.000000,1709800
2016-11-18,94.000000,95.000000,93.000000,95.000000,95.000000,684100
2016-11-21,95.000000,95.000000,93.000000,94.000000,94.000000,2053600
2016-11-22,94.000000,99.000000,93.000000,95.000000,95.000000,35005900
2016-11-23,93.000000,96.000000,93.000000,95.000000,95.000000,2876300
2016-11-24,97.000000,97.000000,93.000000,94.000000,94.000000,633200
2016-11-25,95.000000,95.000000,93.000000,94.000000,94.000000,1506700
2016-11-28,94.000000,94.000000,93.000000,94.000000,94.000000,2041700
2016-11-29,93.000000,94.000000,92.000000,94.000000,94.000000,3331300
2016-11-30,93.000000,95.000000,91.000000,95.000000,95.000000,7054100
2016-12-01,95.000000,96.000000,93.000000,96.000000,96.000000,1239900
2016-12-02,94.000000,95.000000,93.000000,95.000000,95.000000,750600
2016-12-05,94.000000,95.000000,93.000000,95.000000,95.000000,2258800
2016-12-06,95.000000,95.000000,93.000000,94.000000,94.000000,1375900
2016-12-07,94.000000,95.000000,93.000000,95.000000,95.000000,688800
2016-12-08,95.000000,96.000000,95.000000,95.000000,95.000000,356200
2016-12-09,95.000000,95.000000,93.000000,95.000000,95.000000,600300
2016-12-13,95.000000,95.000000,94.000000,94.000000,94.000000,515900
2016-12-14,94.000000,94.000000,93.000000,93.000000,93.000000,2173900
2016-12-15,92.000000,94.000000,92.000000,93.000000,93.000000,113000
2016-12-16,93.000000,94.000000,93.000000,93.000000,93.000000,422100
2016-12-19,92.000000,93.000000,92.000000,93.000000,93.000000,1486700
2016-12-20,93.000000,93.000000,92.000000,92.000000,92.000000,1107600
2016-12-21,92.000000,93.000000,91.000000,92.000000,92.000000,1132800
2016-12-22,91.000000,92.000000,90.000000,92.000000,92.000000,1508800
2016-12-23,92.000000,96.000000,92.000000,92.000000,92.000000,314100
2016-12-27,92.000000,92.000000,91.000000,92.000000,92.000000,1267300
2016-12-28,92.000000,92.000000,90.000000,90.000000,90.000000,1729300
2016-12-29,90.000000,90.000000,89.000000,90.000000,90.000000,1277700
2016-12-30,90.000000,94.000000,88.000000,94.000000,94.000000,6805500
2017-01-02,94.000000,94.000000,94.000000,94.000000,94.000000,0
2017-01-03,94.000000,94.000000,91.000000,92.000000,92.000000,329100
2017-01-04,92.000000,94.000000,89.000000,90.000000,90.000000,2175200
2017-01-05,90.000000,90.000000,89.000000,89.000000,89.000000,1300200
2017-01-06,90.000000,90.000000,89.000000,89.000000,89.000000,1233400
2017-01-09,89.000000,95.000000,89.000000,91.000000,91.000000,6223300
2017-01-10,91.000000,92.000000,89.000000,90.000000,90.000000,614300
2017-01-11,90.000000,91.000000,89.000000,90.000000,90.000000,1957100
2017-01-12,90.000000,91.000000,88.000000,91.000000,91.000000,1351600
2017-01-13,95.000000,95.000000,89.000000,89.000000,89.000000,590300
2017-01-16,89.000000,90.000000,89.000000,89.000000,89.000000,476900
2017-01-17,89.000000,90.000000,89.000000,89.000000,89.000000,192900
2017-01-18,89.000000,89.000000,88.000000,88.000000,88.000000,1139400
2017-01-19,89.000000,89.000000,88.000000,89.000000,89.000000,79400
2017-01-20,89.000000,89.000000,87.000000,87.000000,87.000000,7822400
2017-01-23,87.000000,87.000000,86.000000,86.000000,86.000000,196100
2017-01-24,86.000000,88.000000,85.000000,86.000000,86.000000,610800
2017-01-25,88.000000,88.000000,84.000000,84.000000,84.000000,3735100
2017-01-26,84.000000,86.000000,83.000000,85.000000,85.000000,400000
2017-01-27,85.000000,87.000000,85.000000,85.000000,85.000000,119700
2017-01-30,85.000000,86.000000,83.000000,84.000000,84.000000,734100
2017-01-31,84.000000,87.000000,84.000000,84.000000,84.000000,143900
2017-02-01,84.000000,87.000000,84.000000,84.000000,84.000000,883100
2017-02-02,84.000000,90.000000,83.000000,86.000000,86.000000,1911500
2017-02-03,86.000000,87.000000,85.000000,86.000000,86.000000,598300
2017-02-06,89.000000,89.000000,85.000000,85.000000,85.000000,552000
2017-02-07,87.000000,87.000000,84.000000,84.000000,84.000000,410200
2017-02-08,85.000000,87.000000,84.000000,84.000000,84.000000,344100
2017-02-09,84.000000,88.000000,83.000000,84.000000,84.000000,2464000
2017-02-10,84.000000,89.000000,84.000000,85.000000,85.000000,1311600
2017-02-13,85.000000,88.000000,84.000000,84.000000,84.000000,330300
2017-02-14,84.000000,85.000000,84.000000,85.000000,85.000000,668500
2017-02-15,85.000000,85.000000,85.000000,85.000000,85.000000,0
2017-02-16,85.000000,86.000000,85.000000,85.000000,85.000000,117600
2017-02-17,85.000000,87.000000,84.000000,84.000000,84.000000,141500
2017-02-20,86.000000,87.000000,84.000000,85.000000,85.000000,278200
2017-02-21,86.000000,86.000000,83.000000,83.000000,83.000000,1089700
2017-02-22,84.000000,84.000000,82.000000,83.000000,83.000000,170600
2017-02-23,84.000000,84.000000,82.000000,83.000000,83.000000,168400
2017-02-24,84.000000,84.000000,82.000000,82.000000,82.000000,1352200
2017-02-27,84.000000,84.000000,82.000000,82.000000,82.000000,212000
2017-02-28,82.000000,83.000000,78.000000,78.000000,78.000000,3264300
2017-03-01,80.000000,83.000000,78.000000,80.000000,80.000000,1186400
2017-03-02,79.000000,82.000000,79.000000,81.000000,81.000000,536000
2017-03-03,82.000000,82.000000,80.000000,81.000000,81.000000,230600
2017-03-06,81.000000,82.000000,80.000000,81.000000,81.000000,208400
2017-03-07,81.000000,83.000000,81.000000,81.000000,81.000000,440800
2017-03-08,81.000000,82.000000,81.000000,82.000000,82.000000,6000
2017-03-09,80.000000,82.000000,80.000000,80.000000,80.000000,1931900
2017-03-10,80.000000,80.000000,78.000000,80.000000,80.000000,3227300
2017-03-13,80.000000,81.000000,79.000000,80.000000,80.000000,2938100
2017-03-14,80.000000,81.000000,79.000000,80.000000,80.000000,1292000
2017-03-15,80.000000,82.000000,79.000000,82.000000,82.000000,1250500
2017-03-16,82.000000,83.000000,80.000000,81.000000,81.000000,1373000
2017-03-17,81.000000,82.000000,80.000000,80.000000,80.000000,568100
2017-03-20,80.000000,83.000000,80.000000,80.000000,80.000000,857500
2017-03-21,82.000000,82.000000,80.000000,80.000000,80.000000,1027100
2017-03-22,80.000000,82.000000,80.000000,80.000000,80.000000,1001300
2017-03-23,82.000000,82.000000,80.000000,80.000000,80.000000,1036700
2017-03-24,80.000000,81.000000,79.000000,80.000000,80.000000,646000
2017-03-27,80.000000,81.000000,80.000000,80.000000,80.000000,374800
2017-03-29,80.000000,80.000000,79.000000,79.000000,79.000000,1049000
2017-03-30,80.000000,85.000000,79.000000,80.000000,80.000000,24043400
2017-03-31,80.000000,80.000000,79.000000,80.000000,80.000000,52181500
2017-04-03,80.000000,82.000000,79.000000,80.000000,80.000000,2230400
2017-04-04,80.000000,80.000000,78.000000,80.000000,80.000000,7047500
2017-04-05,80.000000,80.000000,79.000000,80.000000,80.000000,7154900
2017-04-06,80.000000,80.000000,80.000000,80.000000,80.000000,1575100
2017-04-07,80.000000,80.000000,79.000000,80.000000,80.000000,1159800
2017-04-10,80.000000,80.000000,79.000000,80.000000,80.000000,1205100
2017-04-11,80.000000,80.000000,79.000000,80.000000,80.000000,1126200
2017-04-12,79.000000,80.000000,79.000000,80.000000,80.000000,2302100
2017-04-13,80.000000,80.000000,80.000000,80.000000,80.000000,1005400
2017-04-17,80.000000,80.000000,79.000000,80.000000,80.000000,1820300
2017-04-18,79.000000,80.000000,79.000000,80.000000,80.000000,1453500
2017-04-19,80.000000,80.000000,80.000000,80.000000,80.000000,0
2017-04-20,80.000000,80.000000,78.000000,80.000000,80.000000,2375000
2017-04-21,79.000000,80.000000,79.000000,80.000000,80.000000,1001500
2017-04-25,80.000000,80.000000,79.000000,80.000000,80.000000,1430000
2017-04-26,80.000000,80.000000,79.000000,80.000000,80.000000,1099800
2017-04-27,80.000000,80.000000,79.000000,79.000000,79.000000,3579000
2017-04-28,79.000000,80.000000,78.000000,79.000000,79.000000,2192700
2017-05-02,79.000000,80.000000,79.000000,80.000000,80.000000,2722800
2017-05-03,80.000000,80.000000,78.000000,79.000000,79.000000,3002800
2017-05-04,79.000000,80.000000,78.000000,80.000000,80.000000,2517300
2017-05-05,80.000000,80.000000,78.000000,79.000000,79.000000,1695700
2017-05-08,79.000000,79.000000,77.000000,79.000000,79.000000,5266900
2017-05-09,78.000000,78.000000,77.000000,78.000000,78.000000,4432500
2017-05-10,77.000000,78.000000,75.000000,78.000000,78.000000,5816900
2017-05-12,78.000000,78.000000,77.000000,78.000000,78.000000,3802700
2017-05-15,78.000000,78.000000,76.000000,78.000000,78.000000,3877700
2017-05-16,78.000000,78.000000,77.000000,78.000000,78.000000,2824500
2017-05-17,78.000000,78.000000,75.000000,76.000000,76.000000,4642400
2017-05-18,76.000000,77.000000,74.000000,77.000000,77.000000,6197900
2017-05-19,77.000000,77.000000,75.000000,77.000000,77.000000,5851500
2017-05-22,76.000000,76.000000,75.000000,76.000000,76.000000,2079000
2017-05-23,76.000000,76.000000,75.000000,76.000000,76.000000,3030600
2017-05-24,76.000000,77.000000,75.000000,76.000000,76.000000,2520000
2017-05-26,76.000000,76.000000,75.000000,76.000000,76.000000,3015000
2017-05-29,76.000000,76.000000,75.000000,75.000000,75.000000,2340600
2017-05-30,75.000000,75.000000,75.000000,75.000000,75.000000,1370700
2017-05-31,75.000000,76.000000,74.000000,75.000000,75.000000,1052500
2017-06-01,75.000000,75.000000,75.000000,75.000000,75.000000,0
2017-06-02,76.000000,76.000000,74.000000,75.000000,75.000000,2201900
2017-06-05,76.000000,77.000000,75.000000,75.000000,75.000000,3054600
2017-06-06,75.000000,75.000000,74.000000,75.000000,75.000000,2459500
2017-06-07,76.000000,76.000000,74.000000,76.000000,76.000000,5859200
2017-06-08,76.000000,76.000000,74.000000,74.000000,74.000000,3307100
2017-06-09,76.000000,76.000000,74.000000,75.000000,75.000000,1674600
2017-06-12,75.000000,75.000000,73.000000,75.000000,75.000000,1178400
2017-06-13,75.000000,75.000000,74.000000,74.000000,74.000000,2023700
2017-06-14,74.000000,75.000000,74.000000,74.000000,74.000000,1317200
2017-06-15,74.000000,74.000000,73.000000,74.000000,74.000000,1601700
2017-06-16,74.000000,75.000000,73.000000,75.000000,75.000000,1169400
2017-06-19,73.000000,74.000000,73.000000,74.000000,74.000000,1015500
2017-06-20,73.000000,74.000000,72.000000,74.000000,74.000000,1748300
2017-06-21,73.000000,74.000000,72.000000,74.000000,74.000000,1360200
2017-06-22,72.000000,74.000000,72.000000,74.000000,74.000000,1000600
2017-06-23,74.000000,74.000000,74.000000,74.000000,74.000000,0
2017-06-26,74.000000,74.000000,74.000000,74.000000,74.000000,0
2017-06-27,74.000000,74.000000,74.000000,74.000000,74.000000,0
2017-06-28,74.000000,74.000000,74.000000,74.000000,74.000000,0
2017-06-29,74.000000,74.000000,74.000000,74.000000,74.000000,0
2017-06-30,74.000000,74.000000,74.000000,74.000000,74.000000,0
2017-07-03,74.000000,75.000000,72.000000,75.000000,75.000000,968400
2017-07-04,74.000000,76.000000,73.000000,76.000000,76.000000,1006700
2017-07-05,74.000000,77.000000,74.000000,77.000000,77.000000,1067500
2017-07-06,76.000000,78.000000,76.000000,78.000000,78.000000,1120400
2017-07-07,78.000000,78.000000,77.000000,78.000000,78.000000,1709000
2017-07-10,78.000000,78.000000,78.000000,78.000000,78.000000,0
2017-07-11,75.000000,78.000000,75.000000,75.000000,75.000000,2388500
2017-07-12,75.000000,77.000000,75.000000,77.000000,77.000000,1071300
2017-07-13,77.000000,77.000000,76.000000,77.000000,77.000000,1006600
2017-07-14,76.000000,76.000000,75.000000,76.000000,76.000000,1259500
2017-07-17,75.000000,77.000000,74.000000,77.000000,77.000000,1036000
2017-07-18,75.000000,75.000000,75.000000,75.000000,75.000000,1800000
2017-07-19,75.000000,76.000000,71.000000,75.000000,75.000000,4394200
2017-07-20,73.000000,75.000000,72.000000,75.000000,75.000000,2416100
2017-07-21,74.000000,75.000000,73.000000,75.000000,75.000000,1006100
2017-07-24,75.000000,75.000000,74.000000,74.000000,74.000000,1015200
2017-07-25,74.000000,74.000000,74.000000,74.000000,74.000000,1021000
2017-07-26,74.000000,74.000000,72.000000,74.000000,74.000000,1368200
2017-07-27,74.000000,74.000000,73.000000,74.000000,74.000000,2021100
2017-07-28,75.000000,76.000000,74.000000,74.000000,74.000000,37930600
2017-07-31,73.000000,74.000000,73.000000,74.000000,74.000000,1215600
2017-08-01,74.000000,74.000000,72.000000,74.000000,74.000000,1049700
2017-08-02,73.000000,74.000000,73.000000,73.000000,73.000000,1504600
2017-08-03,74.000000,74.000000,72.000000,73.000000,73.000000,1274200
2017-08-04,72.000000,73.000000,71.000000,73.000000,73.000000,2223700
2017-08-07,73.000000,73.000000,72.000000,73.000000,73.000000,1003800
2017-08-08,73.000000,73.000000,72.000000,72.000000,72.000000,1558700
2017-08-09,72.000000,73.000000,71.000000,72.000000,72.000000,1033900
2017-08-10,73.000000,73.000000,70.000000,73.000000,73.000000,1266700
2017-08-11,73.000000,73.000000,71.000000,72.000000,72.000000,1012500
2017-08-14,73.000000,73.000000,72.000000,72.000000,72.000000,1009200
2017-08-15,72.000000,72.000000,71.000000,72.000000,72.000000,1002100
2017-08-16,72.000000,73.000000,72.000000,72.000000,72.000000,1032600
2017-08-17,72.000000,72.000000,72.000000,72.000000,72.000000,0
2017-08-18,72.000000,72.000000,71.000000,71.000000,71.000000,1061700
2017-08-21,71.000000,71.000000,71.000000,71.000000,71.000000,2100000
2017-08-22,70.000000,71.000000,69.000000,71.000000,71.000000,1642300
2017-08-23,70.000000,71.000000,70.000000,71.000000,71.000000,1061000
2017-08-24,71.000000,71.000000,70.000000,70.000000,70.000000,1328300
2017-08-25,70.000000,70.000000,70.000000,70.000000,70.000000,1000000
2017-08-28,71.000000,71.000000,70.000000,71.000000,71.000000,1002300
2017-08-29,71.000000,72.000000,70.000000,71.000000,71.000000,1014900
2017-08-30,70.000000,71.000000,70.000000,71.000000,71.000000,1027000
2017-08-31,72.000000,72.000000,71.000000,71.000000,71.000000,1004100
2017-09-01,71.000000,71.000000,71.000000,71.000000,71.000000,0
2017-09-04,72.000000,72.000000,69.000000,71.000000,71.000000,1081800
2017-09-05,71.000000,71.000000,71.000000,71.000000,71.000000,1000000
2017-09-06,69.000000,71.000000,69.000000,71.000000,71.000000,1031200
2017-09-07,71.000000,71.000000,69.000000,71.000000,71.000000,1034600
2017-09-08,72.000000,72.000000,69.000000,71.000000,71.000000,1300600
2017-09-11,71.000000,71.000000,70.000000,71.000000,71.000000,1013300
2017-09-12,70.000000,71.000000,70.000000,71.000000,71.000000,1050400
2017-09-13,71.000000,71.000000,71.000000,71.000000,71.000000,1000
2017-09-14,71.000000,71.000000,70.000000,70.000000,70.000000,1100
2017-09-15,71.000000,71.000000,69.000000,69.000000,69.000000,1900
2017-09-18,70.000000,70.000000,69.000000,69.000000,69.000000,71600
2017-09-19,68.000000,70.000000,68.000000,70.000000,70.000000,82900
2017-09-20,70.000000,70.000000,70.000000,70.000000,70.000000,12100
2017-09-21,70.000000,70.000000,70.000000,70.000000,70.000000,0
2017-09-22,68.000000,69.000000,67.000000,69.000000,69.000000,56000
2017-09-25,70.000000,70.000000,69.000000,69.000000,69.000000,1700
2017-09-26,69.000000,69.000000,69.000000,69.000000,69.000000,900
2017-09-27,69.000000,69.000000,69.000000,69.000000,69.000000,10400
2017-09-28,69.000000,69.000000,67.000000,68.000000,68.000000,110900
2017-09-29,68.000000,69.000000,66.000000,66.000000,66.000000,226600
2017-10-02,67.000000,67.000000,65.000000,66.000000,66.000000,164500
2017-10-03,65.000000,65.000000,64.000000,64.000000,64.000000,318100
2017-10-04,64.000000,65.000000,63.000000,65.000000,65.000000,541500
2017-10-05,65.000000,68.000000,61.000000,68.000000,68.000000,1818300
2017-10-06,68.000000,73.000000,65.000000,70.000000,70.000000,333400
2017-10-09,70.000000,70.000000,66.000000,69.000000,69.000000,72200
2017-10-10,69.000000,69.000000,66.000000,66.000000,66.000000,194800
2017-10-11,65.000000,65.000000,65.000000,65.000000,65.000000,3300
2017-10-12,65.000000,65.000000,60.000000,60.000000,60.000000,3340000
2017-10-13,69.000000,69.000000,59.000000,60.000000,60.000000,2800000
2017-10-16,60.000000,62.000000,59.000000,60.000000,60.000000,1657400
2017-10-17,59.000000,60.000000,58.000000,60.000000,60.000000,1929900
2017-10-18,60.000000,61.000000,58.000000,60.000000,60.000000,675200
2017-10-19,60.000000,61.000000,59.000000,60.000000,60.000000,10110600
2017-10-20,59.000000,61.000000,59.000000,59.000000,59.000000,8460900
2017-10-23,60.000000,68.000000,60.000000,61.000000,61.000000,3896100
2017-10-24,61.000000,64.000000,59.000000,62.000000,62.000000,275100
2017-10-25,60.000000,61.000000,58.000000,60.000000,60.000000,1463700
2017-10-26,60.000000,60.000000,58.000000,58.000000,58.000000,8789200
2017-10-27,59.000000,60.000000,59.000000,59.000000,59.000000,1319000
2017-10-30,58.000000,60.000000,58.000000,58.000000,58.000000,2524500
2017-10-31,58.000000,59.000000,57.000000,59.000000,59.000000,1963100
2017-11-01,59.000000,59.000000,58.000000,58.000000,58.000000,505100
2017-11-02,58.000000,58.000000,57.000000,57.000000,57.000000,352200
2017-11-03,62.000000,62.000000,57.000000,57.000000,57.000000,361100
2017-11-06,60.000000,60.000000,57.000000,60.000000,60.000000,161100
2017-11-07,58.000000,59.000000,57.000000,59.000000,59.000000,33800
2017-11-08,59.000000,60.000000,55.000000,60.000000,60.000000,262284800
2017-11-09,62.000000,66.000000,58.000000,60.000000,60.000000,2132500
2017-11-10,58.000000,59.000000,57.000000,59.000000,59.000000,1269300
2017-11-13,57.000000,58.000000,56.000000,58.000000,58.000000,715400
2017-11-14,56.000000,56.000000,55.000000,56.000000,56.000000,1141700
2017-11-15,56.000000,56.000000,55.000000,56.000000,56.000000,480100
2017-11-16,55.000000,56.000000,55.000000,56.000000,56.000000,140800
2017-11-17,56.000000,58.000000,55.000000,57.000000,57.000000,2107500
2017-11-20,56.000000,57.000000,56.000000,56.000000,56.000000,193200
2017-11-21,56.000000,56.000000,55.000000,56.000000,56.000000,2411800
2017-11-22,56.000000,57.000000,56.000000,57.000000,57.000000,532500
2017-11-23,56.000000,57.000000,56.000000,56.000000,56.000000,127700
2017-11-24,56.000000,57.000000,56.000000,57.000000,57.000000,1408400
2017-11-27,57.000000,69.000000,57.000000,59.000000,59.000000,11325200
2017-11-28,63.000000,64.000000,59.000000,60.000000,60.000000,2348800
2017-11-29,60.000000,60.000000,57.000000,59.000000,59.000000,2318500
2017-11-30,69.000000,69.000000,57.000000,59.000000,59.000000,261400
2017-12-01,59.000000,59.000000,59.000000,59.000000,59.000000,0
2017-12-04,60.000000,60.000000,58.000000,59.000000,59.000000,834200
2017-12-05,63.000000,63.000000,55.000000,57.000000,57.000000,2645200
2017-12-06,56.000000,58.000000,56.000000,57.000000,57.000000,163400
2017-12-07,60.000000,60.000000,57.000000,59.000000,59.000000,295600
2017-12-08,57.000000,59.000000,57.000000,59.000000,59.000000,328500
2017-12-11,59.000000,59.000000,56.000000,57.000000,57.000000,424000
2017-12-12,57.000000,57.000000,55.000000,56.000000,56.000000,937600
2017-12-13,56.000000,57.000000,55.000000,55.000000,55.000000,18814600
2017-12-14,56.000000,58.000000,56.000000,56.000000,56.000000,86400
2017-12-15,58.000000,58.000000,58.000000,58.000000,58.000000,1213600
2017-12-18,62.000000,62.000000,56.000000,59.000000,59.000000,17400
2017-12-19,62.000000,62.000000,58.000000,58.000000,58.000000,1000
2017-12-20,62.000000,62.000000,56.000000,57.000000,57.000000,1197900
2017-12-21,54.000000,58.000000,54.000000,58.000000,58.000000,201600
2017-12-22,57.000000,62.000000,57.000000,62.000000,62.000000,4640600
2017-12-25,62.000000,62.000000,62.000000,62.000000,62.000000,0
2017-12-26,62.000000,62.000000,62.000000,62.000000,62.000000,0
2017-12-27,62.000000,68.000000,61.000000,68.000000,68.000000,5845800
2017-12-28,68.000000,69.000000,66.000000,68.000000,68.000000,2668900
2017-12-29,64.000000,80.000000,64.000000,80.000000,80.000000,18266300
2018-01-01,80.000000,80.000000,80.000000,80.000000,80.000000,0
2018-01-02,75.000000,80.000000,75.000000,76.000000,76.000000,692000
2018-01-03,76.000000,78.000000,75.000000,75.000000,75.000000,371500
2018-01-04,80.000000,80.000000,73.000000,73.000000,73.000000,3981600
2018-01-05,79.000000,79.000000,73.000000,75.000000,75.000000,449200
2018-01-08,78.000000,80.000000,73.000000,80.000000,80.000000,3642900
2018-01-09,78.000000,80.000000,75.000000,76.000000,76.000000,1682800
2018-01-10,79.000000,79.000000,75.000000,77.000000,77.000000,360800
2018-01-11,78.000000,78.000000,75.000000,76.000000,76.000000,561300
2018-01-12,76.000000,82.000000,76.000000,80.000000,80.000000,1073000
2018-01-15,80.000000,80.000000,75.000000,76.000000,76.000000,791900
2018-01-16,77.000000,80.000000,75.000000,76.000000,76.000000,924900
2018-01-17,76.000000,79.000000,72.000000,75.000000,75.000000,3570400
2018-01-18,78.000000,78.000000,75.000000,76.000000,76.000000,15600
2018-01-19,78.000000,82.000000,76.000000,76.000000,76.000000,77800
2018-01-22,80.000000,80.000000,75.000000,77.000000,77.000000,97700
2018-01-23,80.000000,80.000000,76.000000,77.000000,77.000000,34500
2018-01-24,77.000000,79.000000,75.000000,75.000000,75.000000,520600
2018-01-25,76.000000,77.000000,76.000000,77.000000,77.000000,19400
2018-01-26,80.000000,80.000000,78.000000,78.000000,78.000000,256800
2018-01-29,80.000000,84.000000,80.000000,80.000000,80.000000,3021400
2018-01-30,81.000000,93.000000,80.000000,85.000000,85.000000,2393300
2018-01-31,85.000000,94.000000,82.000000,90.000000,90.000000,4707800
2018-02-01,90.000000,94.000000,90.000000,91.000000,91.000000,3576400
2018-02-02,91.000000,94.000000,89.000000,89.000000,89.000000,1755300
2018-02-05,89.000000,90.000000,87.000000,90.000000,90.000000,250400
2018-02-06,90.000000,90.000000,79.000000,86.000000,86.000000,310600
2018-02-07,84.000000,91.000000,84.000000,91.000000,91.000000,3077000
2018-02-08,93.000000,96.000000,87.000000,89.000000,89.000000,2760500
2018-02-09,94.000000,94.000000,82.000000,89.000000,89.000000,42600
2018-02-12,93.000000,94.000000,89.000000,90.000000,90.000000,322500
2018-02-13,92.000000,93.000000,85.000000,91.000000,91.000000,816300
2018-02-14,91.000000,92.000000,88.000000,89.000000,89.000000,925200
2018-02-15,89.000000,89.000000,85.000000,89.000000,89.000000,288500
2018-02-16,89.000000,89.000000,89.000000,89.000000,89.000000,0
2018-02-19,91.000000,91.000000,87.000000,89.000000,89.000000,10400
2018-02-20,88.000000,90.000000,85.000000,89.000000,89.000000,1002500
2018-02-21,89.000000,89.000000,88.000000,88.000000,88.000000,10600
2018-02-22,88.000000,88.000000,86.000000,86.000000,86.000000,223800
2018-02-23,90.000000,90.000000,86.000000,86.000000,86.000000,88700
2018-02-26,86.000000,110.000000,84.000000,92.000000,92.000000,123500
2018-02-27,86.000000,90.000000,86.000000,89.000000,89.000000,17000
2018-02-28,86.000000,93.000000,85.000000,90.000000,90.000000,768400
2018-03-01,92.000000,92.000000,87.000000,91.000000,91.000000,76200
2018-03-02,83.000000,91.000000,83.000000,90.000000,90.000000,33300
2018-03-05,83.000000,88.000000,83.000000,86.000000,86.000000,60000
2018-03-06,86.000000,88.000000,83.000000,85.000000,85.000000,556300
2018-03-07,83.000000,83.000000,82.000000,82.000000,82.000000,2600
2018-03-08,82.000000,82.000000,81.000000,82.000000,82.000000,32300
2018-03-09,82.000000,82.000000,81.000000,81.000000,81.000000,140600
2018-03-12,85.000000,85.000000,81.000000,81.000000,81.000000,3500
2018-03-13,84.000000,98.000000,84.000000,91.000000,91.000000,5787600
2018-03-14,92.000000,92.000000,87.000000,92.000000,92.000000,682100
2018-03-15,91.000000,95.000000,88.000000,93.000000,93.000000,275100
2018-03-16,94.000000,95.000000,90.000000,94.000000,94.000000,208500
2018-03-19,90.000000,100.000000,90.000000,93.000000,93.000000,353400
2018-03-20,91.000000,98.000000,88.000000,94.000000,94.000000,207200
2018-03-21,95.000000,95.000000,91.000000,95.000000,95.000000,41100
2018-03-22,95.000000,95.000000,91.000000,94.000000,94.000000,63200
2018-03-23,94.000000,95.000000,90.000000,90.000000,90.000000,499800
2018-03-26,95.000000,95.000000,90.000000,93.000000,93.000000,542400
2018-03-27,95.000000,95.000000,90.000000,95.000000,95.000000,93700
2018-03-28,92.000000,94.000000,92.000000,94.000000,94.000000,16100
2018-03-29,94.000000,95.000000,90.000000,95.000000,95.000000,123200
2018-03-30,95.000000,95.000000,95.000000,95.000000,95.000000,0
2018-04-02,95.000000,101.000000,94.000000,100.000000,100.000000,3887700
2018-04-03,100.000000,103.000000,99.000000,100.000000,100.000000,2946600
2018-04-04,99.000000,103.000000,90.000000,90.000000,90.000000,1389600
2018-04-05,95.000000,103.000000,95.000000,103.000000,103.000000,457900
2018-04-06,103.000000,103.000000,97.000000,102.000000,102.000000,169900
2018-04-09,102.000000,103.000000,100.000000,101.000000,101.000000,93200
2018-04-10,101.000000,102.000000,92.000000,101.000000,101.000000,164800
2018-04-11,101.000000,103.000000,92.000000,100.000000,100.000000,31500
2018-04-12,98.000000,102.000000,87.000000,94.000000,94.000000,2861900
2018-04-13,95.000000,98.000000,95.000000,95.000000,95.000000,665300
2018-04-16,95.000000,95.000000,95.000000,95.000000,95.000000,0
2018-04-17,95.000000,95.000000,95.000000,95.000000,95.000000,0
2018-04-18,98.000000,98.000000,94.000000,98.000000,98.000000,233200
2018-04-19,98.000000,98.000000,98.000000,98.000000,98.000000,0
2018-04-20,98.000000,98.000000,98.000000,98.000000,98.000000,0
2018-04-23,95.000000,95.000000,92.000000,94.000000,94.000000,247200
2018-04-24,95.000000,95.000000,90.000000,94.000000,94.000000,610600
2018-04-25,94.000000,94.000000,94.000000,94.000000,94.000000,0
2018-04-26,94.000000,94.000000,94.000000,94.000000,94.000000,0
2018-04-27,94.000000,94.000000,94.000000,94.000000,94.000000,0
2018-04-30,91.000000,95.000000,91.000000,91.000000,91.000000,841400
2018-05-01,91.000000,91.000000,91.000000,91.000000,91.000000,0
2018-05-02,95.000000,95.000000,90.000000,94.000000,94.000000,1111200
2018-05-03,90.000000,93.000000,89.000000,91.000000,91.000000,6467400
2018-05-04,91.000000,94.000000,90.000000,92.000000,92.000000,3025300
2018-05-07,91.000000,91.000000,90.000000,90.000000,90.000000,4269300
2018-05-08,90.000000,91.000000,89.000000,90.000000,90.000000,1590300
2018-05-09,93.000000,95.000000,93.000000,94.000000,94.000000,1841600
2018-05-10,94.000000,94.000000,94.000000,94.000000,94.000000,0
2018-05-11,94.000000,94.000000,91.000000,91.000000,91.000000,101500
2018-05-14,91.000000,91.000000,90.000000,91.000000,91.000000,2061200
2018-05-15,91.000000,94.000000,91.000000,91.000000,91.000000,306100
2018-05-16,91.000000,91.000000,90.000000,91.000000,91.000000,40200
2018-05-17,90.000000,91.000000,90.000000,91.000000,91.000000,436400
2018-05-18,90.000000,91.000000,90.000000,91.000000,91.000000,132700
2018-05-21,91.000000,91.000000,90.000000,90.000000,90.000000,14800
2018-05-22,90.000000,92.000000,90.000000,92.000000,92.000000,1800
2018-05-23,92.000000,92.000000,90.000000,90.000000,90.000000,109500
2018-05-24,90.000000,90.000000,90.000000,90.000000,90.000000,16000
2018-05-25,92.000000,92.000000,92.000000,92.000000,92.000000,10800
2018-05-28,92.000000,92.000000,92.000000,92.000000,92.000000,700
2018-05-29,92.000000,92.000000,92.000000,92.000000,92.000000,0
2018-05-30,92.000000,92.000000,90.000000,92.000000,92.000000,10400
2018-05-31,90.000000,91.000000,90.000000,91.000000,91.000000,43400
2018-06-01,91.000000,91.000000,91.000000,91.000000,91.000000,0
2018-06-04,96.000000,96.000000,90.000000,90.000000,90.000000,2852000
2018-06-05,90.000000,90.000000,90.000000,90.000000,90.000000,2271100
2018-06-06,90.000000,90.000000,90.000000,90.000000,90.000000,220500
2018-06-07,90.000000,90.000000,90.000000,90.000000,90.000000,172800
2018-06-08,90.000000,92.000000,90.000000,92.000000,92.000000,3400
2018-06-11,92.000000,92.000000,92.000000,92.000000,92.000000,0
2018-06-12,92.000000,92.000000,92.000000,92.000000,92.000000,0
2018-06-13,92.000000,92.000000,92.000000,92.000000,92.000000,0
2018-06-14,92.000000,92.000000,92.000000,92.000000,92.000000,0
2018-06-15,92.000000,92.000000,92.000000,92.000000,92.000000,0
2018-06-18,92.000000,92.000000,92.000000,92.000000,92.000000,0
2018-06-19,92.000000,92.000000,92.000000,92.000000,92.000000,0
2018-06-20,95.000000,95.000000,90.000000,92.000000,92.000000,254500
2018-06-21,90.000000,90.000000,90.000000,90.000000,90.000000,340800
2018-06-22,90.000000,90.000000,90.000000,90.000000,90.000000,462100
2018-06-25,90.000000,91.000000,90.000000,90.000000,90.000000,400300
2018-06-26,90.000000,91.000000,90.000000,91.000000,91.000000,222600
2018-06-27,90.000000,91.000000,90.000000,91.000000,91.000000,101000
2018-06-28,91.000000,93.000000,90.000000,90.000000,90.000000,775500
2018-06-29,90.000000,90.000000,90.000000,90.000000,90.000000,51500
2018-07-02,90.000000,94.000000,90.000000,90.000000,90.000000,373100
2018-07-03,90.000000,90.000000,90.000000,90.000000,90.000000,0
2018-07-04,90.000000,90.000000,90.000000,90.000000,90.000000,0
2018-07-05,90.000000,91.000000,90.000000,90.000000,90.000000,94100
2018-07-06,90.000000,90.000000,90.000000,90.000000,90.000000,1004400
2018-07-09,90.000000,90.000000,90.000000,90.000000,90.000000,517600
2018-07-10,90.000000,91.000000,90.000000,91.000000,91.000000,34600
2018-07-11,91.000000,91.000000,91.000000,91.000000,91.000000,0
2018-07-12,91.000000,91.000000,91.000000,91.000000,91.000000,0
2018-07-13,90.000000,90.000000,90.000000,90.000000,90.000000,48900
2018-07-16,91.000000,91.000000,90.000000,91.000000,91.000000,632500
2018-07-17,91.000000,91.000000,91.000000,91.000000,91.000000,12800
2018-07-18,90.000000,90.000000,90.000000,90.000000,90.000000,1904800
2018-07-19,90.000000,90.000000,90.000000,90.000000,90.000000,970200
2018-07-20,91.000000,91.000000,90.000000,90.000000,90.000000,5000
2018-07-23,90.000000,90.000000,90.000000,90.000000,90.000000,0
2018-07-24,91.000000,91.000000,91.000000,91.000000,91.000000,1000
2018-07-25,91.000000,91.000000,91.000000,91.000000,91.000000,0
2018-07-26,91.000000,91.000000,90.000000,90.000000,90.000000,72500
2018-07-27,90.000000,91.000000,90.000000,91.000000,91.000000,1900
2018-07-30,91.000000,91.000000,91.000000,91.000000,91.000000,10100
2018-07-31,91.000000,91.000000,90.000000,90.000000,90.000000,227200
2018-08-01,90.000000,95.000000,90.000000,94.000000,94.000000,215500
2018-08-02,95.000000,95.000000,90.000000,91.000000,91.000000,971000
2018-08-03,91.000000,91.000000,90.000000,90.000000,90.000000,125700
2018-08-06,90.000000,90.000000,90.000000,90.000000,90.000000,70100
2018-08-07,90.000000,90.000000,90.000000,90.000000,90.000000,0
2018-08-08,90.000000,90.000000,90.000000,90.000000,90.000000,0
2018-08-09,90.000000,90.000000,90.000000,90.000000,90.000000,0
2018-08-10,91.000000,91.000000,90.000000,90.000000,90.000000,1100
2018-08-13,90.000000,93.000000,90.000000,90.000000,90.000000,25553000
2018-08-14,90.000000,92.000000,90.000000,90.000000,90.000000,180300
2018-08-15,91.000000,91.000000,90.000000,90.000000,90.000000,1071000
2018-08-16,94.000000,94.000000,91.000000,91.000000,91.000000,20000
2018-08-17,91.000000,91.000000,91.000000,91.000000,91.000000,0
2018-08-20,91.000000,91.000000,90.000000,90.000000,90.000000,1289200
2018-08-21,90.000000,90.000000,90.000000,90.000000,90.000000,5241800
2018-08-22,90.000000,90.000000,90.000000,90.000000,90.000000,0
2018-08-23,90.000000,90.000000,90.000000,90.000000,90.000000,50000
2018-08-24,91.000000,91.000000,90.000000,91.000000,91.000000,149800
2018-08-27,91.000000,91.000000,90.000000,90.000000,90.000000,1063800
2018-08-28,90.000000,91.000000,90.000000,91.000000,91.000000,60000
2018-08-29,91.000000,91.000000,90.000000,91.000000,91.000000,1452700
2018-08-30,90.000000,90.000000,90.000000,90.000000,90.000000,81800
2018-08-31,90.000000,90.000000,90.000000,90.000000,90.000000,2900
2018-09-03,90.000000,90.000000,90.000000,90.000000,90.000000,18100
2018-09-04,90.000000,91.000000,90.000000,90.000000,90.000000,182500
2018-09-05,90.000000,91.000000,89.000000,90.000000,90.000000,6754200
2018-09-06,90.000000,90.000000,89.000000,90.000000,90.000000,6317900
2018-09-07,90.000000,90.000000,90.000000,90.000000,90.000000,7780000
2018-09-10,90.000000,98.000000,90.000000,90.000000,90.000000,4490600
2018-09-11,90.000000,90.000000,90.000000,90.000000,90.000000,0
2018-09-12,90.000000,91.000000,90.000000,90.000000,90.000000,5900000
2018-09-13,90.000000,90.000000,90.000000,90.000000,90.000000,2500000
2018-09-14,90.000000,90.000000,90.000000,90.000000,90.000000,3565900
2018-09-17,90.000000,91.000000,90.000000,91.000000,91.000000,451300
2018-09-18,91.000000,91.000000,91.000000,91.000000,91.000000,0
2018-09-19,91.000000,91.000000,91.000000,91.000000,91.000000,0
2018-09-20,91.000000,91.000000,91.000000,91.000000,91.000000,0
2018-09-21,90.000000,91.000000,90.000000,91.000000,91.000000,25900
2018-09-24,90.000000,91.000000,90.000000,91.000000,91.000000,77900
2018-09-25,91.000000,97.000000,91.000000,95.000000,95.000000,157900
2018-09-26,95.000000,95.000000,95.000000,95.000000,95.000000,115700
2018-09-27,95.000000,95.000000,95.000000,95.000000,95.000000,0
2018-09-28,94.000000,97.000000,90.000000,90.000000,90.000000,14300
2018-10-01,93.000000,97.000000,91.000000,97.000000,97.000000,13000
2018-10-02,97.000000,97.000000,97.000000,97.000000,97.000000,0
2018-10-03,96.000000,97.000000,90.000000,91.000000,91.000000,10700
2018-10-04,91.000000,91.000000,91.000000,91.000000,91.000000,0
2018-10-05,94.000000,95.000000,93.000000,94.000000,94.000000,2500
2018-10-08,94.000000,95.000000,94.000000,95.000000,95.000000,60400
2018-10-09,96.000000,96.000000,90.000000,90.000000,90.000000,846900
2018-10-10,91.000000,91.000000,90.000000,91.000000,91.000000,96300
2018-10-11,91.000000,91.000000,90.000000,90.000000,90.000000,1000
2018-10-12,90.000000,91.000000,90.000000,90.000000,90.000000,910200
2018-10-15,90.000000,94.000000,90.000000,94.000000,94.000000,53200
2018-10-16,94.000000,94.000000,94.000000,94.000000,94.000000,0
2018-10-17,93.000000,94.000000,93.000000,94.000000,94.000000,5200
2018-10-18,91.000000,92.000000,90.000000,90.000000,90.000000,25000
2018-10-19,95.000000,97.000000,90.000000,94.000000,94.000000,202000
2018-10-22,94.000000,94.000000,94.000000,94.000000,94.000000,0
2018-10-23,94.000000,94.000000,94.000000,94.000000,94.000000,0
2018-10-24,98.000000,98.000000,96.000000,96.000000,96.000000,5200
2018-10-25,93.000000,93.000000,92.000000,92.000000,92.000000,105600
2018-10-26,93.000000,94.000000,93.000000,94.000000,94.000000,600
2018-10-29,92.000000,97.000000,91.000000,94.000000,94.000000,21300
2018-10-30,94.000000,94.000000,94.000000,94.000000,94.000000,0
2018-10-31,93.000000,93.000000,92.000000,92.000000,92.000000,200
2018-11-01,92.000000,92.000000,91.000000,91.000000,91.000000,65000
2018-11-02,90.000000,91.000000,90.000000,91.000000,91.000000,433400
2018-11-05,91.000000,91.000000,91.000000,91.000000,91.000000,0
2018-11-06,91.000000,91.000000,90.000000,90.000000,90.000000,48800
2018-11-07,90.000000,90.000000,90.000000,90.000000,90.000000,0
2018-11-08,90.000000,90.000000,90.000000,90.000000,90.000000,4600
2018-11-09,90.000000,91.000000,90.000000,91.000000,91.000000,100700
2018-11-12,90.000000,90.000000,90.000000,90.000000,90.000000,8597000
2018-11-13,90.000000,90.000000,90.000000,90.000000,90.000000,15500
2018-11-14,90.000000,90.000000,90.000000,90.000000,90.000000,0
2018-11-15,90.000000,90.000000,90.000000,90.000000,90.000000,150100
2018-11-16,91.000000,91.000000,90.000000,90.000000,90.000000,87600
2018-11-19,90.000000,91.000000,90.000000,91.000000,91.000000,51000
2018-11-20,91.000000,91.000000,91.000000,91.000000,91.000000,0
2018-11-21,91.000000,91.000000,91.000000,91.000000,91.000000,1000
2018-11-22,91.000000,91.000000,91.000000,91.000000,91.000000,900
2018-11-23,90.000000,90.000000,90.000000,90.000000,90.000000,570200
2018-11-26,90.000000,91.000000,90.000000,90.000000,90.000000,550500
2018-11-27,90.000000,90.000000,90.000000,90.000000,90.000000,1110000
2018-11-28,90.000000,90.000000,90.000000,90.000000,90.000000,646400
2018-11-29,90.000000,90.000000,90.000000,90.000000,90.000000,587500
2018-11-30,90.000000,90.000000,90.000000,90.000000,90.000000,500900
2018-12-03,90.000000,90.000000,90.000000,90.000000,90.000000,0
2018-12-04,90.000000,90.000000,90.000000,90.000000,90.000000,0
2018-12-05,91.000000,91.000000,90.000000,91.000000,91.000000,10005200
2018-12-06,91.000000,92.000000,91.000000,92.000000,92.000000,5608100
2018-12-07,92.000000,92.000000,92.000000,92.000000,92.000000,0
2018-12-10,90.000000,91.000000,90.000000,91.000000,91.000000,21946000
2018-12-11,90.000000,90.000000,90.000000,90.000000,90.000000,22636800
2018-12-12,90.000000,91.000000,90.000000,90.000000,90.000000,24538900
2018-12-13,90.000000,90.000000,90.000000,90.000000,90.000000,47844800
2018-12-14,90.000000,97.000000,90.000000,95.000000,95.000000,53608200
2018-12-17,94.000000,94.000000,90.000000,92.000000,92.000000,40793200
2018-12-18,91.000000,92.000000,90.000000,92.000000,92.000000,55500
2018-12-19,90.000000,90.000000,90.000000,90.000000,90.000000,554100
2018-12-20,90.000000,90.000000,90.000000,90.000000,90.000000,0
2018-12-21,90.000000,90.000000,90.000000,90.000000,90.000000,400
2018-12-24,90.000000,90.000000,90.000000,90.000000,90.000000,0
2018-12-25,90.000000,90.000000,90.000000,90.000000,90.000000,0
2018-12-26,90.000000,91.000000,90.000000,91.000000,91.000000,221200
2018-12-27,91.000000,91.000000,90.000000,90.000000,90.000000,1168700
2018-12-28,90.000000,90.000000,89.000000,89.000000,89.000000,1160300
2018-12-31,89.000000,89.000000,89.000000,89.000000,89.000000,0
2019-01-01,89.000000,89.000000,89.000000,89.000000,89.000000,0
2019-01-02,91.000000,91.000000,89.000000,91.000000,91.000000,114600
2019-01-03,90.000000,91.000000,90.000000,91.000000,91.000000,2200
2019-01-04,91.000000,91.000000,90.000000,90.000000,90.000000,67400
2019-01-07,90.000000,91.000000,90.000000,90.000000,90.000000,193900
2019-01-08,90.000000,91.000000,90.000000,91.000000,91.000000,7761900
2019-01-09,91.000000,91.000000,90.000000,90.000000,90.000000,55275800
2019-01-10,90.000000,91.000000,90.000000,90.000000,90.000000,328800
2019-01-11,90.000000,91.000000,90.000000,91.000000,91.000000,76800
2019-01-14,91.000000,91.000000,90.000000,90.000000,90.000000,1111300
2019-01-15,90.000000,91.000000,90.000000,90.000000,90.000000,345500
2019-01-16,90.000000,91.000000,90.000000,91.000000,91.000000,176800
2019-01-17,90.000000,91.000000,90.000000,91.000000,91.000000,10002200
2019-01-18,90.000000,90.000000,90.000000,90.000000,90.000000,10300
2019-01-21,90.000000,93.000000,90.000000,93.000000,93.000000,149600
2019-01-22,92.000000,92.000000,92.000000,92.000000,92.000000,2500
2019-01-23,91.000000,92.000000,91.000000,91.000000,91.000000,100800
2019-01-24,90.000000,90.000000,90.000000,90.000000,90.000000,1200
2019-01-25,90.000000,91.000000,90.000000,90.000000,90.000000,104300
2019-01-28,91.000000,91.000000,90.000000,90.000000,90.000000,140600
2019-01-29,90.000000,91.000000,90.000000,91.000000,91.000000,12500
2019-01-30,91.000000,91.000000,91.000000,91.000000,91.000000,0
2019-01-31,91.000000,91.000000,91.000000,91.000000,91.000000,0
2019-02-01,90.000000,90.000000,90.000000,90.000000,90.000000,58500
2019-02-04,90.000000,91.000000,90.000000,91.000000,91.000000,6200
2019-02-05,91.000000,91.000000,91.000000,91.000000,91.000000,0
2019-02-06,90.000000,91.000000,90.000000,90.000000,90.000000,1538000
2019-02-07,94.000000,94.000000,90.000000,90.000000,90.000000,128700
2019-02-08,90.000000,91.000000,90.000000,91.000000,91.000000,363400
2019-02-11,91.000000,91.000000,91.000000,91.000000,91.000000,157600
2019-02-12,91.000000,91.000000,91.000000,91.000000,91.000000,76900
2019-02-13,91.000000,91.000000,91.000000,91.000000,91.000000,0
2019-02-14,95.000000,95.000000,92.000000,92.000000,92.000000,172700
2019-02-15,95.000000,95.000000,91.000000,92.000000,92.000000,800
2019-02-18,92.000000,92.000000,92.000000,92.000000,92.000000,0
2019-02-19,92.000000,92.000000,92.000000,92.000000,92.000000,0
2019-02-20,96.000000,100.000000,92.000000,100.000000,100.000000,880200
2019-02-21,100.000000,100.000000,99.000000,100.000000,100.000000,348800
2019-02-22,100.000000,100.000000,99.000000,100.000000,100.000000,355900
2019-02-25,100.000000,101.000000,100.000000,101.000000,101.000000,115700
2019-02-26,100.000000,102.000000,100.000000,102.000000,102.000000,807100
2019-02-27,102.000000,103.000000,101.000000,103.000000,103.000000,48200
2019-02-28,103.000000,103.000000,103.000000,103.000000,103.000000,0
2019-03-01,103.000000,103.000000,101.000000,102.000000,102.000000,545400
2019-03-04,102.000000,102.000000,101.000000,101.000000,101.000000,86800
2019-03-05,101.000000,101.000000,101.000000,101.000000,101.000000,1730100
2019-03-06,101.000000,101.000000,101.000000,101.000000,101.000000,559500
2019-03-07,101.000000,101.000000,101.000000,101.000000,101.000000,0
2019-03-08,101.000000,101.000000,101.000000,101.000000,101.000000,81600
2019-03-11,101.000000,101.000000,101.000000,101.000000,101.000000,1494200
2019-03-12,101.000000,101.000000,101.000000,101.000000,101.000000,89100
2019-03-13,102.000000,102.000000,101.000000,101.000000,101.000000,218900
2019-03-14,101.000000,101.000000,101.000000,101.000000,101.000000,0
2019-03-15,101.000000,113.000000,101.000000,112.000000,112.000000,574700
2019-03-18,110.000000,115.000000,110.000000,110.000000,110.000000,1044700
2019-03-19,115.000000,115.000000,110.000000,112.000000,112.000000,15300
2019-03-20,110.000000,110.000000,110.000000,110.000000,110.000000,207500
2019-03-21,110.000000,110.000000,110.000000,110.000000,110.000000,634600
2019-03-22,110.000000,110.000000,110.000000,110.000000,110.000000,0
2019-03-25,111.000000,115.000000,110.000000,115.000000,115.000000,688900
2019-03-26,115.000000,115.000000,115.000000,115.000000,115.000000,3000
2019-03-27,115.000000,115.000000,115.000000,115.000000,115.000000,0
2019-03-28,115.000000,115.000000,115.000000,115.000000,115.000000,1026000
2019-03-29,115.000000,115.000000,115.000000,115.000000,115.000000,0
2019-04-01,115.000000,115.000000,115.000000,115.000000,115.000000,0
2019-04-02,116.000000,135.000000,115.000000,130.000000,130.000000,2053500
2019-04-03,130.000000,130.000000,130.000000,130.000000,130.000000,0
2019-04-04,135.000000,135.000000,130.000000,130.000000,130.000000,433600
2019-04-05,130.000000,135.000000,130.000000,133.000000,133.000000,219100
2019-04-08,132.000000,132.000000,130.000000,130.000000,130.000000,2613500
2019-04-09,130.000000,131.000000,130.000000,130.000000,130.000000,2135300
2019-04-10,130.000000,130.000000,130.000000,130.000000,130.000000,107400
2019-04-11,131.000000,131.000000,130.000000,130.000000,130.000000,200600
2019-04-12,130.000000,130.000000,130.000000,130.000000,130.000000,425200
2019-04-15,130.000000,130.000000,130.000000,130.000000,130.000000,960100
2019-04-16,130.000000,130.000000,130.000000,130.000000,130.000000,1500000
2019-04-17,130.000000,130.000000,130.000000,130.000000,130.000000,0
2019-04-18,131.000000,131.000000,130.000000,130.000000,130.000000,1890400
2019-04-19,130.000000,130.000000,130.000000,130.000000,130.000000,0
2019-04-22,130.000000,130.000000,130.000000,130.000000,130.000000,3800100
2019-04-23,130.000000,131.000000,130.000000,130.000000,130.000000,1479300
2019-04-24,130.000000,131.000000,130.000000,130.000000,130.000000,2416900
2019-04-25,130.000000,130.000000,130.000000,130.000000,130.000000,1650200
2019-04-26,130.000000,130.000000,130.000000,130.000000,130.000000,3533000
2019-04-29,130.000000,130.000000,130.000000,130.000000,130.000000,1946800
2019-04-30,130.000000,130.000000,130.000000,130.000000,130.000000,2503500
2019-05-01,130.000000,130.000000,130.000000,130.000000,130.000000,0
2019-05-02,130.000000,132.000000,130.000000,130.000000,130.000000,504600
2019-05-03,130.000000,131.000000,130.000000,130.000000,130.000000,4092100
2019-05-06,130.000000,130.000000,130.000000,130.000000,130.000000,3429400
2019-05-07,131.000000,131.000000,130.000000,130.000000,130.000000,547300
2019-05-08,130.000000,135.000000,130.000000,135.000000,135.000000,14500
2019-05-09,130.000000,130.000000,130.000000,130.000000,130.000000,100000
2019-05-10,130.000000,130.000000,130.000000,130.000000,130.000000,1000000
2019-05-13,130.000000,130.000000,130.000000,130.000000,130.000000,912000
2019-05-14,130.000000,130.000000,130.000000,130.000000,130.000000,1374000
2019-05-15,130.000000,132.000000,130.000000,130.000000,130.000000,850200
2019-05-16,130.000000,130.000000,130.000000,130.000000,130.000000,0
2019-05-17,131.000000,131.000000,130.000000,130.000000,130.000000,894900
2019-05-20,130.000000,130.000000,130.000000,130.000000,130.000000,506500
2019-05-21,131.000000,131.000000,130.000000,130.000000,130.000000,160100
2019-05-22,130.000000,131.000000,130.000000,130.000000,130.000000,203500
2019-05-23,135.000000,135.000000,130.000000,131.000000,131.000000,20500
2019-05-24,131.000000,131.000000,131.000000,131.000000,131.000000,16200
2019-05-27,130.000000,131.000000,130.000000,131.000000,131.000000,543400
2019-05-28,131.000000,131.000000,131.000000,131.000000,131.000000,0
2019-05-29,131.000000,131.000000,130.000000,130.000000,130.000000,52700
2019-05-30,130.000000,130.000000,130.000000,130.000000,130.000000,0
2019-05-31,131.000000,131.000000,130.000000,130.000000,130.000000,62200
2019-06-03,130.000000,130.000000,130.000000,130.000000,130.000000,0
2019-06-04,130.000000,130.000000,130.000000,130.000000,130.000000,0
2019-06-05,130.000000,130.000000,130.000000,130.000000,130.000000,0
2019-06-06,130.000000,130.000000,130.000000,130.000000,130.000000,0
2019-06-07,130.000000,130.000000,130.000000,130.000000,130.000000,0
2019-06-10,130.000000,130.000000,130.000000,130.000000,130.000000,600
2019-06-11,130.000000,130.000000,130.000000,130.000000,130.000000,800
2019-06-12,130.000000,130.000000,130.000000,130.000000,130.000000,0
2019-06-13,130.000000,130.000000,130.000000,130.000000,130.000000,200
2019-06-14,130.000000,130.000000,130.000000,130.000000,130.000000,0
2019-06-17,130.000000,130.000000,130.000000,130.000000,130.000000,501000
2019-06-18,130.000000,130.000000,130.000000,130.000000,130.000000,63700
2019-06-19,130.000000,130.000000,130.000000,130.000000,130.000000,40000
2019-06-20,130.000000,130.000000,130.000000,130.000000,130.000000,2900
2019-06-21,131.000000,131.000000,131.000000,131.000000,131.000000,4100
2019-06-24,131.000000,131.000000,131.000000,131.000000,131.000000,0
2019-06-25,131.000000,131.000000,131.000000,131.000000,131.000000,0
2019-06-26,130.000000,130.000000,130.000000,130.000000,130.000000,20000
2019-06-27,131.000000,131.000000,130.000000,130.000000,130.000000,5100
2019-06-28,131.000000,131.000000,130.000000,130.000000,130.000000,31100
2019-07-01,131.000000,131.000000,130.000000,130.000000,130.000000,673500
2019-07-02,130.000000,130.000000,130.000000,130.000000,130.000000,0
2019-07-03,130.000000,130.000000,130.000000,130.000000,130.000000,100
2019-07-04,130.000000,131.000000,130.000000,131.000000,131.000000,520500
2019-07-05,131.000000,131.000000,131.000000,131.000000,131.000000,1600
2019-07-08,130.000000,130.000000,130.000000,130.000000,130.000000,207000
2019-07-09,130.000000,130.000000,125.000000,130.000000,130.000000,7508100
2019-07-10,130.000000,130.000000,130.000000,130.000000,130.000000,30000
2019-07-11,130.000000,130.000000,130.000000,130.000000,130.000000,69200
2019-07-12,130.000000,130.000000,130.000000,130.000000,130.000000,31100
2019-07-15,131.000000,155.000000,131.000000,140.000000,140.000000,40878900
2019-07-16,140.000000,145.000000,140.000000,143.000000,143.000000,323300
2019-07-17,141.000000,144.000000,141.000000,141.000000,141.000000,177500
2019-07-18,140.000000,141.000000,140.000000,141.000000,141.000000,513700
2019-07-19,141.000000,141.000000,137.000000,139.000000,139.000000,2082100
2019-07-22,140.000000,142.000000,140.000000,140.000000,140.000000,121100
2019-07-23,142.000000,143.000000,140.000000,143.000000,143.000000,240200
2019-07-24,140.000000,141.000000,140.000000,140.000000,140.000000,13200
2019-07-25,143.000000,144.000000,140.000000,140.000000,140.000000,11100
2019-07-26,140.000000,144.000000,140.000000,144.000000,144.000000,94000
2019-07-29,144.000000,144.000000,141.000000,141.000000,141.000000,3300
2019-07-30,140.000000,140.000000,139.000000,140.000000,140.000000,3248800
2019-07-31,140.000000,140.000000,140.000000,140.000000,140.000000,73900
2019-08-01,140.000000,140.000000,140.000000,140.000000,140.000000,70000
2019-08-02,140.000000,142.000000,140.000000,141.000000,141.000000,69500
2019-08-05,141.000000,141.000000,139.000000,140.000000,140.000000,5601000
2019-08-06,140.000000,140.000000,140.000000,140.000000,140.000000,1281300
2019-08-07,140.000000,142.000000,140.000000,142.000000,142.000000,19000
2019-08-08,140.000000,140.000000,140.000000,140.000000,140.000000,60000
2019-08-09,143.000000,143.000000,140.000000,140.000000,140.000000,315900
2019-08-12,141.000000,141.000000,141.000000,141.000000,141.000000,100
2019-08-13,141.000000,141.000000,141.000000,141.000000,141.000000,20000
2019-08-14,141.000000,141.000000,141.000000,141.000000,141.000000,0
2019-08-15,141.000000,141.000000,141.000000,141.000000,141.000000,14000
2019-08-16,143.000000,143.000000,143.000000,143.000000,143.000000,2000
2019-08-19,null,null,null,null,null,null
2019-08-20,141.000000,141.000000,140.000000,140.000000,140.000000,74800
2019-08-21,140.000000,140.000000,140.000000,140.000000,140.000000,1340200
2019-08-22,140.000000,140.000000,140.000000,140.000000,140.000000,220000
2019-08-23,140.000000,140.000000,140.000000,140.000000,140.000000,0
2019-08-26,140.000000,140.000000,140.000000,140.000000,140.000000,13000
2019-08-27,140.000000,143.000000,140.000000,143.000000,143.000000,13900
2019-08-28,143.000000,143.000000,143.000000,143.000000,143.000000,1000
2019-08-29,143.000000,143.000000,143.000000,143.000000,143.000000,0
2019-08-30,140.000000,141.000000,140.000000,141.000000,141.000000,20400
2019-09-02,140.000000,141.000000,140.000000,140.000000,140.000000,2449500
2019-09-03,140.000000,140.000000,140.000000,140.000000,140.000000,2000
2019-09-04,140.000000,140.000000,140.000000,140.000000,140.000000,2400
2019-09-05,140.000000,140.000000,140.000000,140.000000,140.000000,0
2019-09-06,143.000000,145.000000,142.000000,142.000000,142.000000,461500
2019-09-09,141.000000,141.000000,140.000000,140.000000,140.000000,784400
2019-09-10,140.000000,141.000000,140.000000,141.000000,141.000000,1548500
2019-09-11,141.000000,141.000000,141.000000,141.000000,141.000000,0
2019-09-12,142.000000,142.000000,141.000000,141.000000,141.000000,10500
2019-09-13,141.000000,141.000000,140.000000,140.000000,140.000000,2973700
2019-09-16,140.000000,140.000000,140.000000,140.000000,140.000000,0
2019-09-17,140.000000,140.000000,140.000000,140.000000,140.000000,0
2019-09-18,140.000000,140.000000,140.000000,140.000000,140.000000,20000
2019-09-19,140.000000,140.000000,140.000000,140.000000,140.000000,1321100
2019-09-20,145.000000,145.000000,141.000000,144.000000,144.000000,2178000
2019-09-23,143.000000,143.000000,143.000000,143.000000,143.000000,13700
2019-09-24,140.000000,140.000000,140.000000,140.000000,140.000000,251000
2019-09-25,140.000000,142.000000,140.000000,140.000000,140.000000,2493300
2019-09-26,142.000000,142.000000,139.000000,140.000000,140.000000,2654200
2019-09-27,140.000000,140.000000,140.000000,140.000000,140.000000,1022600
2019-09-30,144.000000,147.000000,142.000000,142.000000,142.000000,3656500
2019-10-01,141.000000,145.000000,141.000000,145.000000,145.000000,300100
2019-10-02,141.000000,141.000000,140.000000,140.000000,140.000000,1115800
2019-10-03,141.000000,141.000000,140.000000,140.000000,140.000000,699500
2019-10-04,140.000000,140.000000,140.000000,140.000000,140.000000,37600
2019-10-07,140.000000,140.000000,140.000000,140.000000,140.000000,528200
2019-10-08,140.000000,140.000000,140.000000,140.000000,140.000000,0
2019-10-09,140.000000,140.000000,137.000000,140.000000,140.000000,2001000
2019-10-10,140.000000,140.000000,140.000000,140.000000,140.000000,20000
2019-10-11,140.000000,140.000000,140.000000,140.000000,140.000000,700000
2019-10-14,140.000000,140.000000,140.000000,140.000000,140.000000,140700
2019-10-15,140.000000,145.000000,140.000000,143.000000,143.000000,55300
2019-10-16,143.000000,143.000000,143.000000,143.000000,143.000000,0
2019-10-17,143.000000,143.000000,143.000000,143.000000,143.000000,0
2019-10-18,143.000000,143.000000,143.000000,143.000000,143.000000,0
2019-10-21,143.000000,143.000000,143.000000,143.000000,143.000000,0
2019-10-22,140.000000,140.000000,140.000000,140.000000,140.000000,200
2019-10-23,143.000000,143.000000,140.000000,140.000000,140.000000,178171000
2019-10-24,140.000000,140.000000,140.000000,140.000000,140.000000,100100
2019-10-25,140.000000,145.000000,140.000000,144.000000,144.000000,178010000
2019-10-28,144.000000,149.000000,141.000000,144.000000,144.000000,1363100
2019-10-29,145.000000,145.000000,140.000000,142.000000,142.000000,61200
2019-10-30,145.000000,145.000000,140.000000,140.000000,140.000000,732600
2019-10-31,141.000000,141.000000,140.000000,140.000000,140.000000,150000
2019-11-01,140.000000,140.000000,140.000000,140.000000,140.000000,1700
2019-11-04,144.000000,144.000000,140.000000,143.000000,143.000000,28100
2019-11-05,144.000000,144.000000,142.000000,142.000000,142.000000,55800
